TimeDomain.BodyAcceleration.Mean...X
TimeDomain.BodyAcceleration.Mean...Y
TimeDomain.BodyAcceleration.Mean...Z
TimeDomain.BodyAcceleration.StandardDeviation...X
TimeDomain.BodyAcceleration.StandardDeviation...Y
TimeDomain.BodyAcceleration.StandardDeviation...Z
TimeDomain.GravityAcceleration.Mean...X
TimeDomain.GravityAcceleration.Mean...Y
TimeDomain.GravityAcceleration.Mean...Z
TimeDomain.GravityAcceleration.StandardDeviation...X
TimeDomain.GravityAcceleration.StandardDeviation...Y
TimeDomain.GravityAcceleration.StandardDeviation...Z
TimeDomain.BodyAccelerationJerk.Mean...X
TimeDomain.BodyAccelerationJerk.Mean...Y
TimeDomain.BodyAccelerationJerk.Mean...Z
TimeDomain.BodyAccelerationJerk.StandardDeviation...X
TimeDomain.BodyAccelerationJerk.StandardDeviation...Y
TimeDomain.BodyAccelerationJerk.StandardDeviation...Z
TimeDomain.BodyAngularSpeed.Mean...X
TimeDomain.BodyAngularSpeed.Mean...Y
TimeDomain.BodyAngularSpeed.Mean...Z
TimeDomain.BodyAngularSpeed.StandardDeviation...X
TimeDomain.BodyAngularSpeed.StandardDeviation...Y
TimeDomain.BodyAngularSpeed.StandardDeviation...Z
TimeDomain.BodyAngularAcceleration.Mean...X
TimeDomain.BodyAngularAcceleration.Mean...Y
TimeDomain.BodyAngularAcceleration.Mean...Z
TimeDomain.BodyAngularAcceleration.StandardDeviation...X
TimeDomain.BodyAngularAcceleration.StandardDeviation...Y
TimeDomain.BodyAngularAcceleration.StandardDeviation...Z
TimeDomain.BodyAccelerationMagnitude.Mean..
TimeDomain.BodyAccelerationMagnitude.StandardDeviation..
TimeDomain.GravityAccelerationMagnitude.Mean..
TimeDomain.GravityAccelerationMagnitude.StandardDeviation..
TimeDomain.BodyAccelerationJerkMagnitude.Mean..
TimeDomain.BodyAccelerationJerkMagnitude.StandardDeviation..
TimeDomain.BodyAngularSpeedMagnitude.Mean..
TimeDomain.BodyAngularSpeedMagnitude.StandardDeviation..
TimeDomain.BodyAngularAccelerationMagnitude.Mean..
TimeDomain.BodyAngularAccelerationMagnitude.StandardDeviation..
FrequencyDomain.BodyAcceleration.Mean...X
FrequencyDomain.BodyAcceleration.Mean...Y
FrequencyDomain.BodyAcceleration.Mean...Z
FrequencyDomain.BodyAcceleration.StandardDeviation...X
FrequencyDomain.BodyAcceleration.StandardDeviation...Y
FrequencyDomain.BodyAcceleration.StandardDeviation...Z
FrequencyDomain.BodyAccelerationJerk.Mean...X
FrequencyDomain.BodyAccelerationJerk.Mean...Y
FrequencyDomain.BodyAccelerationJerk.Mean...Z
FrequencyDomain.BodyAccelerationJerk.StandardDeviation...X
1
0.28858451	-0.0202941710	-0.13290514	-0.99527860	-0.983110610	-0.913526450	0.96339614	-0.14083968	0.115374940	-0.9852497	-0.98170843	-0.8776250	0.077996345	0.0050008031	-0.0678308080	-0.99351906	-0.988359990	-0.99357497	-0.0061008489	-0.031364791	0.107725400	-0.98531027	-0.976623440	-0.9922053	-0.09916740	-0.055517369	-0.061985797	-0.9921107	-0.99251927	-0.9920553	-0.959433880	-0.95055150	-0.959433880	-0.95055150	-0.99330586	-0.99433641	-0.968959080	-0.96433518	-0.9942478	-0.99136761	-0.99478319	-0.982984100	-0.9392687	-0.995421750	-0.9831329700	-0.90616498	-0.9923324500	-9.871699e-01	-0.98969609	-0.99582068
2
0.27841883	-0.0164105680	-0.12352019	-0.99824528	-0.975300220	-0.960321990	0.96656113	-0.14155127	0.109378810	-0.9974113	-0.98944741	-0.9316387	0.074006709	0.0057711041	0.0293766330	-0.99554814	-0.981063630	-0.99184570	-0.0161116200	-0.083893777	0.100584290	-0.98311996	-0.989045800	-0.9891212	-0.11050283	-0.044818731	-0.059242822	-0.9898726	-0.99729260	-0.9938510	-0.979289150	-0.97605707	-0.979289150	-0.97605707	-0.99125349	-0.99169441	-0.980683140	-0.98375419	-0.9951232	-0.99610164	-0.99745072	-0.976851730	-0.9735227	-0.998680260	-0.9749298100	-0.95543811	-0.9950322200	-9.813115e-01	-0.98973975	-0.99665235
3
0.27965306	-0.0194671560	-0.11346169	-0.99537956	-0.967187010	-0.978943960	0.96687810	-0.14200984	0.101883920	-0.9995740	-0.99286582	-0.9929172	0.073635962	0.0031040366	-0.0090456308	-0.99074281	-0.980955610	-0.98968664	-0.0316982940	-0.102335420	0.096126876	-0.97629211	-0.993551820	-0.9863787	-0.10848567	-0.042410306	-0.055828829	-0.9884618	-0.99563214	-0.9915318	-0.983703130	-0.98801962	-0.983703130	-0.98801962	-0.98853127	-0.99039690	-0.976317070	-0.98605146	-0.9934032	-0.99509104	-0.99359409	-0.972511460	-0.9833040	-0.996312810	-0.9655059300	-0.97704932	-0.9909937000	-9.816423e-01	-0.98756628	-0.99124880
4
0.27917394	-0.0262006460	-0.12328257	-0.99609149	-0.983402700	-0.990675100	0.96761519	-0.14397645	0.099850143	-0.9966456	-0.98139281	-0.9784764	0.077320614	0.0200576420	-0.0098647722	-0.99269737	-0.987552750	-0.99349757	-0.0434099830	-0.091386182	0.085537699	-0.99138480	-0.992407320	-0.9875542	-0.09116989	-0.036332620	-0.060464660	-0.9911194	-0.99664096	-0.9933289	-0.986541760	-0.98642135	-0.986541760	-0.98642135	-0.99307804	-0.99338080	-0.982059880	-0.98735112	-0.9955022	-0.99526660	-0.99549062	-0.983569720	-0.9910798	-0.996312110	-0.9832443700	-0.99022911	-0.9944466300	-9.887272e-01	-0.99135422	-0.99137827
5
0.27662877	-0.0165696550	-0.11536185	-0.99813862	-0.980817270	-0.990481630	0.96822440	-0.14875022	0.094485896	-0.9984293	-0.98809824	-0.9787449	0.073444363	0.0191215740	0.0167799790	-0.99642017	-0.988358710	-0.99245490	-0.0339604160	-0.074708034	0.077392035	-0.98518357	-0.992378120	-0.9874019	-0.09077010	-0.037632533	-0.058289319	-0.9913545	-0.99647298	-0.9945110	-0.992827150	-0.99127536	-0.992827150	-0.99127536	-0.99348000	-0.99585371	-0.985203730	-0.98906257	-0.9958076	-0.99525804	-0.99728592	-0.982300990	-0.9883694	-0.998606470	-0.9801294700	-0.99191496	-0.9962920400	-9.887900e-01	-0.99062442	-0.99690254
6
0.27719877	-0.0100978500	-0.10513725	-0.99733496	-0.990486810	-0.995420030	0.96794820	-0.14820997	0.091909715	-0.9989793	-0.98675389	-0.9973064	0.077932436	0.0186840460	0.0093444336	-0.99481360	-0.988714460	-0.99226635	-0.0287755080	-0.070393108	0.079012142	-0.98518080	-0.992117480	-0.9830768	-0.09424758	-0.043355261	-0.041935999	-0.9916216	-0.99601465	-0.9930906	-0.994294990	-0.99524897	-0.994294990	-0.99524897	-0.99301770	-0.99542431	-0.985894400	-0.98644027	-0.9952748	-0.99520498	-0.99665675	-0.986939500	-0.9927386	-0.997643800	-0.9922636500	-0.99704592	-0.9948507100	-9.882443e-01	-0.99015748	-0.99521800
7
0.27945388	-0.0196407760	-0.11002215	-0.99692104	-0.967185930	-0.983117830	0.96792950	-0.14428214	0.093144628	-0.9993325	-0.98857468	-0.9920159	0.082170765	-0.0170146700	-0.0157981660	-0.99520561	-0.984830790	-0.98842507	-0.0286002510	-0.083046734	0.095464555	-0.98817723	-0.989205710	-0.9791538	-0.09708861	-0.041589277	-0.044704559	-0.9904185	-0.99541459	-0.9904868	-0.987465700	-0.98274603	-0.987465700	-0.98274603	-0.99131430	-0.98944783	-0.985500690	-0.98462525	-0.9937188	-0.99526950	-0.99584913	-0.967611610	-0.9841233	-0.997461250	-0.9679257800	-0.98288731	-0.9947551200	-9.832403e-01	-0.98733724	-0.99624210
8
0.27743247	-0.0304883030	-0.12536043	-0.99655926	-0.966728430	-0.981585330	0.96849148	-0.14670536	0.091708159	-0.9981183	-0.97295996	-0.9765688	0.072364228	0.0087478559	-0.0044681354	-0.99527281	-0.981291220	-0.99033964	-0.0242002620	-0.077892610	0.094095607	-0.98910723	-0.987403240	-0.9785196	-0.10316236	-0.035546068	-0.063208931	-0.9911036	-0.99579433	-0.9907386	-0.977457660	-0.97599674	-0.977457660	-0.97599674	-0.99085085	-0.99038832	-0.984505630	-0.98683834	-0.9942907	-0.99521070	-0.99519276	-0.974291270	-0.9886519	-0.997279330	-0.9641019500	-0.97807586	-0.9949470300	-9.807555e-01	-0.99083807	-0.99612766
9
0.27729342	-0.0217506980	-0.12075082	-0.99732847	-0.961245320	-0.983671560	0.96848115	-0.15437401	0.085118255	-0.9977894	-0.97564510	-0.9689613	0.075284365	0.0307627040	0.0112119500	-0.99647892	-0.980051270	-0.99666607	-0.0248310250	-0.066401639	0.077862982	-0.99088198	-0.992891350	-0.9872415	-0.10069440	-0.047715247	-0.067720045	-0.9924195	-0.99631178	-0.9939563	-0.983630870	-0.97751373	-0.983630870	-0.97751373	-0.99332542	-0.99288747	-0.989369780	-0.99091446	-0.9958495	-0.99558830	-0.99709991	-0.968205270	-0.9906322	-0.997367590	-0.9591814800	-0.98005989	-0.9966927400	-9.801905e-01	-0.99630723	-0.99650656
10
0.28058569	-0.0099602983	-0.10606516	-0.99480344	-0.972758400	-0.986243870	0.96841804	-0.15630201	0.080874470	-0.9973622	-0.99050162	-0.9967423	0.076369318	0.0125189060	0.0030843751	-0.99115561	-0.969200300	-0.98861504	-0.0234154000	-0.070925683	0.078975843	-0.98493784	-0.987303760	-0.9808440	-0.09842938	-0.043540216	-0.048562914	-0.9839125	-0.99307848	-0.9843996	-0.986771970	-0.98670243	-0.986771970	-0.98670243	-0.98538815	-0.98364308	-0.984524360	-0.98026379	-0.9897993	-0.99073520	-0.99351933	-0.970318640	-0.9860957	-0.995388450	-0.9747937800	-0.98653557	-0.9915342500	-9.708485e-01	-0.98677551	-0.99146811
11
0.27688027	-0.0127218050	-0.10343832	-0.99481511	-0.973076920	-0.985357020	0.96920266	-0.15236144	0.081258077	-0.9972646	-0.98648794	-0.9946927	0.071396860	0.0168424410	0.0010303821	-0.99123356	-0.973264340	-0.98501751	-0.0247082550	-0.068884585	0.085481775	-0.98466387	-0.988215590	-0.9809040	-0.09944295	-0.032515146	-0.045512651	-0.9859109	-0.99371782	-0.9847622	-0.988040330	-0.98590171	-0.988040330	-0.98590171	-0.98441139	-0.98602515	-0.985250700	-0.98024776	-0.9912612	-0.99034063	-0.99288633	-0.970608000	-0.9836724	-0.995810750	-0.9751099300	-0.98683043	-0.9909857200	-9.734558e-01	-0.98173220	-0.99233125
12
0.27622817	-0.0214413020	-0.10820234	-0.99824595	-0.987213760	-0.992726590	0.96925328	-0.15006376	0.082931213	-0.9981272	-0.99482045	-0.9923011	0.076084514	-0.0023115579	-0.0076736296	-0.99817933	-0.989788340	-0.98953173	-0.0311731580	-0.074666711	0.091577535	-0.99416933	-0.995566520	-0.9957910	-0.09420755	-0.040316155	-0.057682038	-0.9957170	-0.99755680	-0.9965503	-0.994775630	-0.99611776	-0.994775630	-0.99611776	-0.99279492	-0.99527144	-0.994286710	-0.99563374	-0.9977610	-0.99781536	-0.99823935	-0.984916070	-0.9916394	-0.998181430	-0.9882844500	-0.99319699	-0.9981915700	-9.896754e-01	-0.98895116	-0.99831707
13
0.27845700	-0.0204147610	-0.11273172	-0.99913488	-0.984680040	-0.996274240	0.96899630	-0.15236210	0.083150803	-0.9991516	-0.98730738	-0.9936129	0.077102002	0.0170271670	-0.0009852394	-0.99919161	-0.990138390	-0.99282486	-0.0291686110	-0.075944066	0.086183519	-0.99544544	-0.997109200	-0.9958660	-0.09899450	-0.040496948	-0.054137882	-0.9960237	-0.99888814	-0.9978931	-0.995325010	-0.99656707	-0.995325010	-0.99656707	-0.99486033	-0.99712720	-0.996308090	-0.99738797	-0.9986015	-0.99915139	-0.99937732	-0.987158770	-0.9958192	-0.998950360	-0.9832591600	-0.99600170	-0.9995380500	-9.897489e-01	-0.99267475	-0.99880527
14
0.27717497	-0.0147128020	-0.10675647	-0.99918834	-0.990526380	-0.993365010	0.96904398	-0.15414125	0.081819604	-0.9995776	-0.99425118	-0.9951105	0.077612380	0.0194892230	0.0152076830	-0.99698535	-0.992369560	-0.99303630	-0.0270870930	-0.071831343	0.083622237	-0.99761834	-0.997609530	-0.9961739	-0.10048744	-0.042113616	-0.053738021	-0.9975124	-0.99826836	-0.9963776	-0.996700130	-0.99839240	-0.996700130	-0.99839240	-0.99536254	-0.99600058	-0.997672460	-0.99841465	-0.9983345	-0.99915859	-0.99881956	-0.988807680	-0.9918289	-0.999389980	-0.9910295000	-0.99413920	-0.9974909700	-9.920277e-01	-0.99290396	-0.99660910
15
0.29794572	0.0270939080	-0.06166812	-0.98864079	-0.816698600	-0.901906530	0.94489486	-0.29262334	-0.021435523	-0.9640453	-0.81461226	-0.8678738	0.066656163	-0.0683670840	-0.0336076010	-0.99027112	-0.984291370	-0.99104766	-0.0105482010	0.157054250	-0.174521470	-0.97753165	-0.941867550	-0.9115904	-0.08417587	-0.080866451	0.007531561	-0.9846701	-0.99282912	-0.9898373	-0.904587780	-0.83989567	-0.904587780	-0.83989567	-0.99047837	-0.98912684	-0.840506080	-0.88254400	-0.9914491	-0.98971134	-0.98933967	-0.883413850	-0.9549486	-0.988175950	-0.7994294500	-0.88547351	-0.9892482400	-9.835447e-01	-0.98933823	-0.99253460
16
0.27920345	-0.0230201430	-0.12208028	-0.99683904	-0.974848120	-0.983385510	0.95201342	-0.26311695	-0.003576163	-0.9950938	-0.97591253	-0.9711946	0.074659313	-0.0012810862	-0.0266366720	-0.99505528	-0.995274560	-0.99513244	-0.0158108590	0.027702205	-0.026941450	-0.98874836	-0.967257510	-0.9340180	-0.09986049	-0.057413011	-0.022366509	-0.9947609	-0.99694746	-0.9966766	-0.984463810	-0.98754846	-0.984463810	-0.98754846	-0.99628275	-0.99754046	-0.931278330	-0.92308961	-0.9968019	-0.99809793	-0.99562890	-0.983170750	-0.9841286	-0.997469860	-0.9715039800	-0.98329938	-0.9947890800	-9.947037e-01	-0.99357321	-0.99584517
17
0.27903836	-0.0148003780	-0.11684896	-0.99694116	-0.981865620	-0.982576530	0.95272437	-0.26509148	-0.007708992	-0.9992805	-0.99197906	-0.9710365	0.076711586	0.0122518650	0.0100573250	-0.99481489	-0.992430020	-0.99605297	-0.0134068160	-0.046264419	0.060933625	-0.98911045	-0.982180280	-0.9743614	-0.09479039	-0.050648170	-0.034809761	-0.9956387	-0.99702529	-0.9949617	-0.989043070	-0.99093187	-0.989043070	-0.99093187	-0.99552049	-0.99892631	-0.972364430	-0.98189323	-0.9969056	-0.99779235	-0.99619504	-0.987258510	-0.9876871	-0.997276280	-0.9793237700	-0.97998327	-0.9949489300	-9.923380e-01	-0.99355517	-0.99509342
18
0.28013490	-0.0139169510	-0.10637048	-0.99769492	-0.987515670	-0.990407440	0.95306401	-0.26471825	-0.011556695	-0.9986322	-0.99238313	-0.9907275	0.075254470	0.0154195350	0.0166259460	-0.99497881	-0.991455080	-0.99562514	-0.0127250970	-0.077761376	0.094503668	-0.98919640	-0.989762100	-0.9819682	-0.10533471	-0.046139602	-0.046398495	-0.9964649	-0.99736626	-0.9934345	-0.995071550	-0.99268417	-0.995071550	-0.99268417	-0.99564686	-0.99673850	-0.980489500	-0.98867771	-0.9970015	-0.99768614	-0.99683409	-0.988042390	-0.9899373	-0.998140600	-0.9868985400	-0.99059032	-0.9953079100	-9.913636e-01	-0.99479031	-0.99500032
19
0.27773106	-0.0182107180	-0.10918803	-0.99749074	-0.993221970	-0.996127950	0.95360569	-0.26305774	-0.011094388	-0.9987754	-0.99697129	-0.9949339	0.075021356	0.0042103143	-0.0051048322	-0.99576851	-0.992451390	-0.99513475	-0.0246423600	-0.087790863	0.107821870	-0.99128786	-0.997697480	-0.9953314	-0.10413693	-0.041083288	-0.054341093	-0.9961731	-0.99845498	-0.9959431	-0.998726810	-0.99741361	-0.998726810	-0.99741361	-0.99585704	-0.99731242	-0.988568970	-0.99388286	-0.9980807	-0.99848741	-0.99680119	-0.990944360	-0.9959615	-0.997813660	-0.9939495600	-0.99565162	-0.9957524500	-9.924115e-01	-0.99550105	-0.99615735
20
0.27556818	-0.0169796980	-0.11142918	-0.99781139	-0.990522300	-0.997621040	0.95359464	-0.26348997	-0.011425851	-0.9987486	-0.99585747	-0.9942280	0.076113384	0.0184277100	-0.0060482131	-0.99667367	-0.992759960	-0.99654064	-0.0294619130	-0.084376762	0.100747890	-0.99590036	-0.997545030	-0.9950430	-0.09712284	-0.039561886	-0.054821896	-0.9966247	-0.99929097	-0.9971575	-0.997972370	-0.99879494	-0.997972370	-0.99879494	-0.99645316	-0.99991721	-0.993472000	-0.99528437	-0.9986959	-0.99967043	-0.99720497	-0.990297660	-0.9966949	-0.998095950	-0.9901247200	-0.99761440	-0.9966077000	-9.930446e-01	-0.99488302	-0.99704980
21
0.27756171	-0.0143184870	-0.10787724	-0.99790424	-0.994311290	-0.995951660	0.95313551	-0.26343690	-0.012458678	-0.9990282	-0.99464403	-0.9967510	0.075342269	0.0180557180	-0.0049718288	-0.99611698	-0.993432650	-0.99397220	-0.0298149330	-0.078706495	0.093773469	-0.99747587	-0.998228080	-0.9981381	-0.09699966	-0.039383672	-0.055209671	-0.9972131	-0.99885611	-0.9958919	-0.998441330	-0.99798984	-0.998441330	-0.99798984	-0.99547632	-0.99763356	-0.996982740	-0.99900144	-0.9984329	-0.99918860	-0.99719829	-0.992610840	-0.9941767	-0.998258270	-0.9945857800	-0.99675387	-0.9961221500	-9.935786e-01	-0.99215543	-0.99644693
22
0.27715238	-0.0179833280	-0.10660117	-0.99776322	-0.989957270	-0.996585670	0.95318325	-0.26189643	-0.012015606	-0.9990405	-0.99499448	-0.9953633	0.073413536	0.0045245992	-0.0058944060	-0.99550617	-0.986806620	-0.99249984	-0.0291788900	-0.079554020	0.094585279	-0.99758401	-0.998648630	-0.9976816	-0.09721769	-0.040646212	-0.054870288	-0.9966684	-0.99847664	-0.9958650	-0.997891000	-0.99752775	-0.997891000	-0.99752775	-0.99306888	-0.99440487	-0.997073630	-0.99843242	-0.9981884	-0.99867706	-0.99657474	-0.986978020	-0.9954253	-0.998443860	-0.9913441400	-0.99683996	-0.9958259000	-9.869000e-01	-0.99113965	-0.99549079
23
0.27567630	-0.0212642340	-0.11080122	-0.99786211	-0.990090760	-0.994592570	0.95309294	-0.26245862	-0.011512171	-0.9983326	-0.99198868	-0.9970673	0.076943687	0.0054829780	0.0016020823	-0.99569160	-0.982921260	-0.99269663	-0.0281536990	-0.076118947	0.088998758	-0.99808137	-0.997586300	-0.9948625	-0.09798059	-0.039427698	-0.055537897	-0.9973165	-0.99855988	-0.9963697	-0.995893460	-0.99728461	-0.995893460	-0.99728461	-0.99222923	-0.99284139	-0.997622270	-0.99796907	-0.9985293	-0.99891331	-0.99754640	-0.986412900	-0.9940360	-0.997968050	-0.9919837800	-0.99452293	-0.9963097700	-9.829132e-01	-0.99221625	-0.99530314
24
0.27920020	-0.0177144270	-0.10916135	-0.99838929	-0.987307840	-0.990831590	0.95273161	-0.26500697	-0.012703514	-0.9984994	-0.99227999	-0.9929260	0.078642693	0.0165033420	-0.0000485152	-0.99671667	-0.985917240	-0.99281698	-0.0272209350	-0.069195151	0.079055228	-0.99833703	-0.998208290	-0.9959869	-0.09705365	-0.039995777	-0.059039117	-0.9977921	-0.99830456	-0.9957550	-0.995215340	-0.99651065	-0.995215340	-0.99651065	-0.99337454	-0.99435793	-0.997361980	-0.99772360	-0.9983214	-0.99893826	-0.99750264	-0.984986990	-0.9899924	-0.998900300	-0.9883914100	-0.99125809	-0.9965272000	-9.864460e-01	-0.99045005	-0.99725900
25
0.28171549	-0.0119106780	-0.10287513	-0.99853388	-0.988489010	-0.993183670	0.95321880	-0.26504320	-0.013126421	-0.9974938	-0.99145541	-0.9947593	0.074924981	0.0099539071	0.0006878857	-0.99683571	-0.986723190	-0.99262375	-0.0249607010	-0.071607144	0.080856127	-0.99624819	-0.997671450	-0.9940693	-0.09698408	-0.040981257	-0.056018736	-0.9969277	-0.99810702	-0.9940044	-0.994193440	-0.99494985	-0.994193440	-0.99494985	-0.99333286	-0.99523370	-0.995698790	-0.99735309	-0.9974098	-0.99890363	-0.99865677	-0.986723720	-0.9926025	-0.998402550	-0.9891455500	-0.99323950	-0.9969473600	-9.857615e-01	-0.99082380	-0.99695721
26
0.27899267	-0.0145310290	-0.10659617	-0.99805969	-0.986069830	-0.993424240	0.95419361	-0.26194319	-0.011180786	-0.9979682	-0.98848774	-0.9904706	0.074219489	0.0044872377	0.0069293456	-0.99605338	-0.986718160	-0.99156012	-0.0273727390	-0.075304300	0.088552726	-0.99353980	-0.997429250	-0.9950546	-0.09715447	-0.039321883	-0.051857918	-0.9957425	-0.99798917	-0.9944535	-0.995749400	-0.99441625	-0.995749400	-0.99441625	-0.99251624	-0.99485866	-0.995266310	-0.99616702	-0.9971719	-0.99868261	-0.99747202	-0.985272800	-0.9922795	-0.998344090	-0.9862863200	-0.99388750	-0.9965452800	-9.870986e-01	-0.99032840	-0.99577968
27
0.27573444	-0.0180188400	-0.10677578	-0.99925496	-0.993668880	-0.994188800	0.95458893	-0.26049928	-0.009959401	-0.9990051	-0.99730066	-0.9977377	0.073460968	0.0183722900	0.0014363240	-0.99656406	-0.989278050	-0.99108795	-0.0305296170	-0.074705186	0.089415593	-0.99433322	-0.997476570	-0.9967981	-0.10226052	-0.040127012	-0.052669203	-0.9954386	-0.99754026	-0.9953741	-0.998552500	-0.99776154	-0.998552500	-0.99776154	-0.99338553	-0.99456104	-0.995826150	-0.99579462	-0.9971742	-0.99829940	-0.99898187	-0.989946160	-0.9925143	-0.999395240	-0.9954701400	-0.99502186	-0.9973631400	-9.891022e-01	-0.98919841	-0.99589031
28
0.14450396	0.1892632600	0.06276932	-0.90429967	-0.181936540	-0.443150510	0.87409866	0.04247915	0.333094490	-0.8141894	-0.25461649	-0.3424433	0.138057620	-0.3477709900	-0.3352723300	-0.98122357	-0.966142280	-0.98349118	-0.0464896660	-0.282897940	0.229484370	-0.97335570	-0.972203390	-0.9171989	-0.11571413	-0.066663019	0.016335990	-0.9852016	-0.98666522	-0.9819666	-0.554369200	-0.18717165	-0.554369200	-0.18717165	-0.97526798	-0.97133698	-0.873880100	-0.96976795	-0.9902348	-0.98011390	-0.92128754	-0.432778610	-0.6140174	-0.898029070	-0.1252637300	-0.40381329	-0.9820904300	-9.691418e-01	-0.98156570	-0.98187701
29
0.28725164	-0.0374550640	-0.14597431	-0.98291504	-0.891604890	-0.941438110	0.83566368	0.16067501	0.399821730	-0.9603877	-0.89611252	-0.9108816	0.089548399	-0.0343179740	0.0030597368	-0.99243453	-0.988256470	-0.99383772	-0.0484083800	-0.239173860	0.247050370	-0.99422554	-0.975368420	-0.9688802	-0.09424213	-0.022414444	-0.066970560	-0.9970374	-0.99794847	-0.9966620	-0.934593770	-0.93195422	-0.934593770	-0.93195422	-0.99288968	-0.99458511	-0.895202710	-0.95274453	-0.9980877	-0.99875192	-0.98612352	-0.931965600	-0.9797532	-0.981475800	-0.8804637200	-0.92865570	-0.9925243800	-9.890964e-01	-0.99178965	-0.99298662
30
0.27999760	-0.0194840360	-0.10572355	-0.99281839	-0.940350410	-0.981492660	0.83695957	0.15187734	0.386467650	-0.9826391	-0.94642426	-0.9644004	0.071215441	0.0442441190	0.0203581570	-0.99461220	-0.992919650	-0.99189025	-0.0394119360	-0.166747870	0.183019290	-0.99564427	-0.978231050	-0.9666400	-0.09529121	-0.026020031	-0.078193929	-0.9980773	-0.99817308	-0.9983524	-0.976994980	-0.97105963	-0.976994980	-0.97105963	-0.99423479	-0.99452938	-0.940965670	-0.95416523	-0.9988625	-0.99918640	-0.99293691	-0.957491370	-0.9833713	-0.992623900	-0.9352808000	-0.98084231	-0.9943364600	-9.933325e-01	-0.99017788	-0.99545350
31
0.22184689	0.0341076750	-0.12361242	-0.81470826	-0.749418000	-0.571898890	0.83878762	0.15070183	0.383451810	-0.9920382	-0.96233892	-0.9623296	-0.013591322	0.1206858500	0.2287041500	-0.88383041	-0.854606770	-0.91135086	-0.0377316410	0.021333829	0.076579313	-0.73087388	-0.499649460	-0.5690164	-0.01652141	-0.065023681	-0.150639070	-0.8938046	-0.88147183	-0.8585356	-0.815758640	-0.50812531	-0.815758640	-0.50812531	-0.91387886	-0.81597791	-0.681908450	-0.27136454	-0.9175591	-0.83220576	-0.80764453	-0.765505330	-0.6762889	-0.817408550	-0.7560513500	-0.55205838	-0.8821483600	-8.588200e-01	-0.90403706	-0.89647780
32
-0.04170131	0.1751024800	0.02555178	-0.75839283	-0.586537350	-0.439110190	0.81080506	0.19559534	0.387131970	-0.8047433	-0.73280728	-0.8496976	0.050456562	0.0908303650	0.0053317431	-0.85803037	-0.840024830	-0.89622040	-0.0038232806	0.019187316	-0.050212092	-0.72058157	-0.488968540	-0.5093246	-0.09552168	-0.067817006	-0.040522627	-0.8863080	-0.87419654	-0.8480888	-0.507396680	-0.49055481	-0.507396680	-0.49055481	-0.86678801	-0.83897844	-0.592879870	-0.35701417	-0.8887884	-0.85172027	-0.81335631	-0.706567440	-0.7043330	-0.739547170	-0.5594663000	-0.36905140	-0.8667756000	-8.435758e-01	-0.89207213	-0.86126158
33
0.01390367	0.1532960800	0.01624295	-0.80863778	-0.572746190	-0.626415420	0.70308608	0.31406786	0.439774030	-0.5963284	-0.53455402	-0.6429910	0.178438080	-0.1196644300	-0.2591403400	-0.92242832	-0.936468880	-0.95518789	-0.0045972195	-0.156696110	0.060405191	-0.92572959	-0.897016750	-0.7205592	-0.18174043	-0.014079617	0.047204388	-0.9636738	-0.95824501	-0.9490345	-0.621027250	-0.48451097	-0.621027250	-0.48451097	-0.94302661	-0.91068062	-0.853617420	-0.81063604	-0.9660986	-0.94714080	-0.85010909	-0.761663250	-0.7277050	-0.794201340	-0.5252163400	-0.60462350	-0.9210963600	-9.376298e-01	-0.94925418	-0.93108771
34
0.30368927	-0.0042428053	-0.15085028	-0.95650333	-0.838671550	-0.943009530	0.61825810	0.40950272	0.481298500	-0.9054497	-0.85046281	-0.9152725	0.098998778	-0.0746125650	-0.0073366086	-0.98969999	-0.981159620	-0.99574605	-0.0426815420	-0.152633430	0.203153880	-0.99621609	-0.978202470	-0.9777199	-0.10305335	-0.011939118	-0.062791658	-0.9959289	-0.98907867	-0.9932309	-0.915953840	-0.89361999	-0.915953840	-0.89361999	-0.99107291	-0.98994373	-0.936177510	-0.96711724	-0.9931470	-0.98932118	-0.96777910	-0.879028030	-0.9806958	-0.952358540	-0.8295526700	-0.93038551	-0.9883563500	-9.810316e-01	-0.99519463	-0.99249781
35
0.29075969	-0.0240347600	-0.11673889	-0.97737449	-0.963840530	-0.962505030	0.62206550	0.41986657	0.468627990	-0.9519610	-0.96299035	-0.9415983	0.062975489	0.0341588900	0.0331706110	-0.99358012	-0.991023010	-0.99890280	-0.0415567130	-0.113257980	0.156604300	-0.99813599	-0.990542560	-0.9770236	-0.09553788	-0.035066258	-0.068364914	-0.9991885	-0.99412613	-0.9973565	-0.974805040	-0.95660840	-0.974805040	-0.95660840	-0.99684513	-0.99590981	-0.963854230	-0.97509882	-0.9967949	-0.99571251	-0.98339322	-0.974650430	-0.9748899	-0.974984000	-0.9600656100	-0.95783963	-0.9937540100	-9.906385e-01	-0.99841352	-0.99392194
36
0.27090823	-0.0144129680	-0.10652245	-0.99385604	-0.993178700	-0.993470300	0.62745102	0.41503721	0.464231030	-0.9869493	-0.99214128	-0.9884872	0.075591498	0.0116948920	-0.0072211967	-0.99740715	-0.992114490	-0.99739047	-0.0354576770	-0.091001714	0.117793960	-0.99673098	-0.994242210	-0.9866788	-0.09575153	-0.036409127	-0.065751415	-0.9987960	-0.99464491	-0.9968157	-0.995238360	-0.99550157	-0.995238360	-0.99550157	-0.99763638	-0.99785691	-0.984304760	-0.98688986	-0.9970314	-0.99591487	-0.99597643	-0.993408290	-0.9948974	-0.992820510	-0.9923583400	-0.99211813	-0.9973290600	-9.922432e-01	-0.99601381	-0.99773605
37
0.27955340	-0.0170011470	-0.11051668	-0.99607594	-0.995781520	-0.998221680	0.62532313	0.41648854	0.464947740	-0.9950577	-0.99652110	-0.9938105	0.072773826	0.0035293806	-0.0006003336	-0.99646841	-0.991192520	-0.99673754	-0.0309191370	-0.074625079	0.094283835	-0.99909646	-0.992917250	-0.9909248	-0.09639015	-0.039033170	-0.061621011	-0.9987328	-0.99459335	-0.9953220	-0.999067440	-0.99906531	-0.999067440	-0.99906531	-0.99661376	-0.99756977	-0.993888440	-0.99377420	-0.9965865	-0.99598442	-0.99612732	-0.992725760	-0.9981845	-0.995940840	-0.9969793200	-0.99748962	-0.9967061800	-9.915529e-01	-0.99688883	-0.99646670
38
0.27635864	-0.0161380880	-0.10803259	-0.99557733	-0.994543850	-0.994543720	0.62577398	0.41685730	0.464395730	-0.9961608	-0.99837049	-0.9954126	0.076218027	0.0094053857	-0.0080907158	-0.99488413	-0.990503540	-0.99724301	-0.0282019870	-0.072296089	0.084889322	-0.99834012	-0.994224820	-0.9960213	-0.09732419	-0.042724214	-0.056653466	-0.9986055	-0.99482467	-0.9945164	-0.998011800	-0.99559420	-0.998011800	-0.99559420	-0.99594417	-0.99763017	-0.996631240	-0.99631676	-0.9964865	-0.99617057	-0.99529816	-0.991690660	-0.9961945	-0.995608960	-0.9956291900	-0.99296166	-0.9950279500	-9.906411e-01	-0.99663253	-0.99514544
39
0.23715407	0.0078251224	-0.12283791	-0.97995358	-0.866193410	-0.968290470	0.89093772	0.11359108	0.330322140	-0.9388229	-0.87952195	-0.9647259	0.075301588	0.0826503270	-0.0089599647	-0.98434397	-0.971826610	-0.98618311	-0.2250394600	-0.133158860	-0.594165760	-0.95390955	-0.972973420	-0.8409562	-0.07613627	-0.023511625	0.048746095	-0.9921825	-0.99252142	-0.9924453	-0.926233340	-0.94594716	-0.926233340	-0.94594716	-0.98365142	-0.97954382	-0.626075130	-0.83659935	-0.9926913	-0.99356814	-0.98333264	-0.899146580	-0.9770852	-0.978452610	-0.8585915200	-0.96490936	-0.9836515600	-9.695933e-01	-0.98323096	-0.98664266
40
0.27310840	0.0065181116	-0.10947182	-0.99078294	-0.935065150	-0.990721560	0.87653997	0.12558056	0.325205860	-0.9767786	-0.91534904	-0.9916416	0.084520112	-0.0189467350	0.0076682065	-0.99051461	-0.990763450	-0.99205386	-0.1493380800	-0.107575560	-0.286571830	-0.94503475	-0.988712060	-0.8365734	-0.06046825	-0.047491065	0.053835275	-0.9983178	-0.99404793	-0.9963539	-0.968162890	-0.94767986	-0.968162890	-0.94767986	-0.99236270	-0.99272934	-0.788145220	-0.82768948	-0.9952965	-0.99563264	-0.98981469	-0.954093120	-0.9913476	-0.991108460	-0.9295374500	-0.99012132	-0.9907521900	-9.906646e-01	-0.99097901	-0.99105092
41
0.28150539	-0.0184348590	-0.11139287	-0.99546804	-0.984330220	-0.990995140	0.87482213	0.14006721	0.324410570	-0.9940478	-0.98811386	-0.9961098	0.082081964	-0.0058534975	0.0032024153	-0.99447393	-0.992275590	-0.99127045	-0.0793661120	-0.094869929	-0.040538466	-0.96234359	-0.988681120	-0.9009778	-0.07424087	-0.038811650	0.004460921	-0.9978430	-0.99528855	-0.9962146	-0.992951060	-0.99577426	-0.992951060	-0.99577426	-0.99341850	-0.99521943	-0.921598190	-0.89240040	-0.9965889	-0.99663743	-0.99443506	-0.984840600	-0.9900885	-0.995923300	-0.9839212500	-0.99145955	-0.9944987100	-9.927375e-01	-0.99029847	-0.99492506
42
0.27843225	-0.0196543020	-0.10797029	-0.99439029	-0.984562780	-0.991985780	0.87646180	0.13923610	0.323579560	-0.9972549	-0.98846264	-0.9971592	0.072683070	0.0197391120	0.0040143460	-0.99264049	-0.990641980	-0.99159452	-0.0378247330	-0.076526530	0.074576303	-0.98300305	-0.993492020	-0.9754490	-0.08617537	-0.040941551	-0.041286479	-0.9970879	-0.99492132	-0.9976396	-0.993437900	-0.99387550	-0.993437900	-0.99387550	-0.99298342	-0.99322502	-0.982388200	-0.97653920	-0.9970724	-0.99584487	-0.99263436	-0.985764190	-0.9915740	-0.995251850	-0.9837794400	-0.99200955	-0.9929579000	-9.911571e-01	-0.99096366	-0.99289097
43
0.27337960	-0.0099401064	-0.10839283	-0.99550580	-0.981767480	-0.993473630	0.87645385	0.13843401	0.323398800	-0.9976094	-0.98843377	-0.9988424	0.072130253	0.0199205290	-0.0014860567	-0.99387916	-0.990245100	-0.99233342	-0.0210748000	-0.072633665	0.115796470	-0.99429125	-0.994729220	-0.9816307	-0.09341342	-0.040875199	-0.043482017	-0.9975639	-0.99580404	-0.9968509	-0.990914070	-0.99281205	-0.990914070	-0.99281205	-0.99379982	-0.99349987	-0.985339980	-0.98621149	-0.9973482	-0.99701870	-0.99419930	-0.987659830	-0.9927765	-0.996131170	-0.9790288500	-0.99359390	-0.9936041900	-9.906798e-01	-0.99170450	-0.99478159
44
0.27905615	-0.0162609700	-0.11281565	-0.99501877	-0.970446310	-0.989266120	0.87538094	0.14222283	0.323512710	-0.9966802	-0.98347532	-0.9991578	0.076807626	-0.0042927307	-0.0069884353	-0.99520610	-0.990595580	-0.99252449	-0.0174946200	-0.073362144	0.128936160	-0.99892436	-0.995596170	-0.9869384	-0.09840228	-0.036623752	-0.052670226	-0.9992789	-0.99686121	-0.9956299	-0.987547310	-0.99324099	-0.987547310	-0.99324099	-0.99413667	-0.99486123	-0.980753580	-0.98928227	-0.9977953	-0.99844111	-0.99498345	-0.981101600	-0.9906193	-0.994916360	-0.9664373400	-0.98830912	-0.9949542000	-9.907437e-01	-0.99091536	-0.99596362
45
0.27859910	-0.0199101420	-0.11118060	-0.99474489	-0.979495660	-0.987961520	0.87579788	0.14258451	0.321947710	-0.9951444	-0.98746407	-0.9886546	0.077934405	0.0148880200	0.0120860990	-0.99358183	-0.990723860	-0.99559271	-0.0204947850	-0.069807644	0.106885500	-0.99735086	-0.994702320	-0.9845375	-0.09964431	-0.041465690	-0.064887957	-0.9982804	-0.99659289	-0.9949947	-0.990122640	-0.99402631	-0.990122640	-0.99402631	-0.99493458	-0.99609820	-0.988324570	-0.99026281	-0.9974850	-0.99754577	-0.99404402	-0.985429130	-0.9906093	-0.994990400	-0.9768572100	-0.98631197	-0.9932205700	-9.898818e-01	-0.99425932	-0.99462966
46
0.27328142	-0.0111272090	-0.10634926	-0.99587640	-0.989110700	-0.993413220	0.87599536	0.14162959	0.320476100	-0.9958218	-0.99035562	-0.9941439	0.071543556	0.0196472980	-0.0037668634	-0.99237312	-0.993282680	-0.99748080	-0.0246441440	-0.070023979	0.092631918	-0.99853579	-0.994201930	-0.9887570	-0.09987610	-0.044019406	-0.055598998	-0.9973808	-0.99615461	-0.9952040	-0.993024120	-0.99767465	-0.993024120	-0.99767465	-0.99568683	-0.99776271	-0.993564220	-0.99467142	-0.9971289	-0.99714750	-0.99461052	-0.989090180	-0.9954877	-0.996492810	-0.9886880600	-0.99166211	-0.9931271300	-9.933479e-01	-0.99681868	-0.99213366
47
0.27853812	-0.0161734320	-0.10970656	-0.99664602	-0.982974820	-0.994797970	0.87478155	0.14485798	0.320539350	-0.9977143	-0.98795319	-0.9973055	0.074515662	0.0092694454	-0.0102917220	-0.99277413	-0.990433650	-0.99643207	-0.0263386700	-0.074526058	0.092148536	-0.99878789	-0.995054670	-0.9884460	-0.10051458	-0.038433452	-0.057589453	-0.9977780	-0.99672581	-0.9956543	-0.994146360	-0.99825604	-0.994146360	-0.99825604	-0.99431393	-0.99816169	-0.994658560	-0.99446094	-0.9974587	-0.99810576	-0.99558307	-0.986762360	-0.9948671	-0.997168990	-0.9810549900	-0.99425455	-0.9939842900	-9.897468e-01	-0.99521838	-0.99199723
48
0.27746121	-0.0174910160	-0.10635945	-0.99642843	-0.984673120	-0.990682660	0.87474639	0.14560336	0.320387080	-0.9984551	-0.99311540	-0.9960581	0.078187780	0.0090189325	0.0128729720	-0.99276362	-0.989421000	-0.99458711	-0.0280214810	-0.074033170	0.081238251	-0.99835296	-0.994911450	-0.9921320	-0.09951091	-0.038919699	-0.058039297	-0.9982185	-0.99701461	-0.9950733	-0.993548920	-0.99653821	-0.993548920	-0.99653821	-0.99348023	-0.99625649	-0.995525740	-0.99652094	-0.9975804	-0.99822544	-0.99492259	-0.987501260	-0.9919613	-0.997236150	-0.9830884600	-0.98965545	-0.9932696800	-9.897836e-01	-0.99254848	-0.99277596
49
0.27394057	-0.0131475840	-0.10543517	-0.99588454	-0.988012930	-0.988425530	0.87423160	0.14572717	0.321629610	-0.9956679	-0.99051998	-0.9901727	0.078228258	0.0054201733	0.0013550663	-0.99265114	-0.993655240	-0.99346867	-0.0286992320	-0.075571862	0.084893650	-0.99853287	-0.995739250	-0.9890375	-0.09639977	-0.043673429	-0.046565566	-0.9982141	-0.99703634	-0.9943684	-0.992640980	-0.99490770	-0.992640980	-0.99490770	-0.99504090	-0.99335363	-0.995042930	-0.99637214	-0.9974714	-0.99793913	-0.99475289	-0.991350220	-0.9912664	-0.996416870	-0.9860001400	-0.98662695	-0.9937044000	-9.937915e-01	-0.99288764	-0.99205337
50
0.27930326	-0.0205213830	-0.11323643	-0.99584854	-0.980700750	-0.993403810	0.87324201	0.14758583	0.322335760	-0.9969555	-0.99150766	-0.9945719	0.073647802	0.0083841697	-0.0050818355	-0.99396693	-0.991964580	-0.99592536	-0.0280060840	-0.076306270	0.092467106	-0.99827112	-0.995050900	-0.9888931	-0.09737348	-0.037230976	-0.056344653	-0.9982045	-0.99623539	-0.9947180	-0.992051450	-0.99486796	-0.992051450	-0.99486796	-0.99598850	-0.99536070	-0.994410550	-0.99557457	-0.9970611	-0.99769576	-0.99527834	-0.988629220	-0.9950961	-0.996045300	-0.9772429700	-0.99189005	-0.9941015800	-9.923079e-01	-0.99450103	-0.99432272
51
0.27908720	-0.0190832420	-0.10588882	-0.99572983	-0.978967230	-0.991394010	0.87410872	0.14567730	0.320873340	-0.9950862	-0.98598512	-0.9937360	0.068868220	0.0202240210	0.0069050846	-0.99309444	-0.990784420	-0.99439585	-0.0282116640	-0.072544173	0.080864612	-0.99810121	-0.993141980	-0.9886267	-0.10231372	-0.047165727	-0.056428730	-0.9974262	-0.99591829	-0.9951362	-0.991474710	-0.99536861	-0.991474710	-0.99536861	-0.99400136	-0.99616196	-0.993670300	-0.99428791	-0.9970486	-0.99682107	-0.99296524	-0.984241390	-0.9953266	-0.997433280	-0.9766304200	-0.98873898	-0.9925762900	-9.913453e-01	-0.99359384	-0.99440135
52
0.40347433	-0.0150744040	-0.11816739	-0.91481115	-0.895231120	-0.891748110	-0.25504375	0.77465873	0.589776550	-0.7837423	-0.98892557	-0.8953808	0.023446864	0.0008133385	0.0528113250	-0.94745338	-0.897225970	-0.97816837	0.0315519540	-0.131995140	0.543278850	-0.95513929	-0.933605610	-0.8118869	-0.11906637	-0.048786067	-0.155449510	-0.9697419	-0.95314390	-0.9721019	-0.905122910	-0.83169609	-0.905122910	-0.83169609	-0.96035654	-0.90224092	-0.777561780	-0.81164844	-0.9732644	-0.94034612	-0.92631396	-0.886948470	-0.9287921	-0.910374890	-0.9056273600	-0.88104465	-0.9491757600	-8.980041e-01	-0.97295990	-0.95022293
53
0.27837321	-0.0205609640	-0.09682457	-0.98488259	-0.991118370	-0.982111780	-0.21014776	0.77390470	0.585119780	-0.9603428	-0.98897778	-0.9653030	0.067178002	0.0156378930	-0.0161861860	-0.99288080	-0.989433830	-0.99164836	0.0092571098	-0.078793121	0.257564790	-0.98117184	-0.992719250	-0.8922664	-0.11001902	-0.036833082	-0.123623390	-0.9970592	-0.99724402	-0.9976071	-0.987446090	-0.97847045	-0.987446090	-0.97847045	-0.99274198	-0.99320151	-0.915218960	-0.89860396	-0.9975084	-0.99865538	-0.98687443	-0.989007740	-0.9833792	-0.983894090	-0.9918461100	-0.98179749	-0.9928883700	-9.901112e-01	-0.99079124	-0.99349601
54
0.27655526	-0.0178685500	-0.10762126	-0.99419460	-0.996371660	-0.995615140	-0.20876483	0.77171208	0.589947270	-0.9887928	-0.99756896	-0.9960094	0.082498475	0.0083569472	0.0002341825	-0.99488847	-0.991402080	-0.99377178	-0.0134243890	-0.075370833	0.100544820	-0.99013041	-0.996153430	-0.9470252	-0.10579546	-0.041967089	-0.090942119	-0.9977386	-0.99816120	-0.9942198	-0.997987630	-0.99609738	-0.997987630	-0.99609738	-0.99513057	-0.99468940	-0.973400950	-0.97291051	-0.9977556	-0.99842692	-0.99361477	-0.994258870	-0.9951969	-0.994362990	-0.9968263000	-0.99536475	-0.9944849900	-9.920715e-01	-0.99217342	-0.99588563
55
0.27957476	-0.0172757220	-0.10948053	-0.99613535	-0.995811560	-0.998689150	-0.20956406	0.77109662	0.590104670	-0.9959341	-0.99846505	-0.9987791	0.073995503	0.0137821200	-0.0073714967	-0.99439037	-0.993177630	-0.99618103	-0.0249598100	-0.076133944	0.043037574	-0.99618046	-0.995071170	-0.9890233	-0.10094779	-0.040474051	-0.060445163	-0.9986279	-0.99843113	-0.9945972	-0.999504490	-0.99870535	-0.999504490	-0.99870535	-0.99665137	-0.99564924	-0.982099080	-0.99305154	-0.9983250	-0.99869506	-0.99574989	-0.993452510	-0.9972675	-0.996234960	-0.9964720400	-0.99902371	-0.9947378900	-9.931140e-01	-0.99445967	-0.99444287
56
0.27652699	-0.0168191000	-0.10798311	-0.99677544	-0.997256360	-0.995421640	-0.20874807	0.77103706	0.589413970	-0.9994640	-0.99862466	-0.9967349	0.077122435	0.0113804070	0.0034761282	-0.99483938	-0.993519150	-0.99515973	-0.0295503870	-0.068085138	0.045946749	-0.99914537	-0.995488430	-0.9942387	-0.09961923	-0.040330798	-0.047750664	-0.9988554	-0.99813088	-0.9974129	-0.999057730	-0.99827359	-0.999057730	-0.99827359	-0.99626463	-0.99587063	-0.984412520	-0.99444823	-0.9989408	-0.99912404	-0.99651117	-0.995061010	-0.9947361	-0.996821630	-0.9977321000	-0.99538600	-0.9953079400	-9.940554e-01	-0.99379202	-0.99470473
57
0.27812334	-0.0171463030	-0.10801374	-0.99492812	-0.998359050	-0.992011430	-0.20871697	0.77129107	0.589334710	-0.9996283	-0.99920964	-0.9971625	0.075608951	0.0123352010	0.0013993239	-0.99236682	-0.992718160	-0.99163610	-0.0304311470	-0.073488076	0.055590694	-0.99911560	-0.994887490	-0.9944557	-0.09820626	-0.041243883	-0.046094169	-0.9986589	-0.99809354	-0.9969627	-0.997429450	-0.99587294	-0.997429450	-0.99587294	-0.99351031	-0.99318822	-0.988145490	-0.99621972	-0.9987064	-0.99919122	-0.99470159	-0.995666660	-0.9915643	-0.994922650	-0.9991905400	-0.99205880	-0.9930334700	-9.926230e-01	-0.99076600	-0.99222801
58
0.27800654	-0.0178031700	-0.10896485	-0.99442540	-0.994872630	-0.994885820	-0.20863346	0.77135108	0.589634870	-0.9992131	-0.99941854	-0.9987835	0.075657984	0.0050748365	-0.0012262263	-0.99194015	-0.990565450	-0.99262026	-0.0297963300	-0.071422989	0.075146974	-0.99897201	-0.994454780	-0.9861557	-0.09801259	-0.038934592	-0.048297637	-0.9982894	-0.99746648	-0.9968810	-0.997419660	-0.99633327	-0.997419660	-0.99633327	-0.99320615	-0.99338638	-0.992512940	-0.99394818	-0.9982823	-0.99872606	-0.99403729	-0.992376550	-0.9933359	-0.994497390	-0.9956765700	-0.99556989	-0.9925004500	-9.898414e-01	-0.99007664	-0.99196416
59
0.28020640	-0.0183962600	-0.10748863	-0.99647493	-0.994068760	-0.991861310	-0.20856027	0.77074870	0.590017040	-0.9983419	-0.99632270	-0.9965147	0.073531787	0.0108241420	-0.0019587455	-0.99469772	-0.991532210	-0.99342673	-0.0288541800	-0.072704386	0.085061987	-0.99917255	-0.993990740	-0.9948031	-0.09789262	-0.038695857	-0.057581924	-0.9988551	-0.99797965	-0.9966148	-0.997282120	-0.99472458	-0.997282120	-0.99472458	-0.99492830	-0.99453129	-0.995989300	-0.99774873	-0.9987554	-0.99867217	-0.99569054	-0.992595510	-0.9920304	-0.996815730	-0.9942085800	-0.99148221	-0.9951249100	-9.924749e-01	-0.99221261	-0.99462607
60
0.28182774	-0.0186264740	-0.10527824	-0.99628711	-0.992193940	-0.990204480	-0.20760682	0.76992271	0.590450400	-0.9957312	-0.99797044	-0.9981241	0.073964485	0.0149245390	-0.0019185204	-0.99435908	-0.987818700	-0.99296768	-0.0277371350	-0.075772812	0.086471819	-0.99924487	-0.995764880	-0.9937739	-0.09796862	-0.041539573	-0.055677600	-0.9997279	-0.99896022	-0.9956097	-0.995770500	-0.99389022	-0.995770500	-0.99389022	-0.99327310	-0.99438856	-0.996831710	-0.99804238	-0.9990628	-0.99933286	-0.99529395	-0.989747330	-0.9910741	-0.996749390	-0.9930936500	-0.98948484	-0.9945340900	-9.868327e-01	-0.99182548	-0.99462863
61
0.27672941	-0.0172095480	-0.10563797	-0.99478811	-0.991031320	-0.993187220	-0.20636268	0.76929590	0.591305860	-0.9981733	-0.99728100	-0.9933964	0.078027424	0.0085359751	-0.0052980182	-0.99220776	-0.986267070	-0.99270232	-0.0274154380	-0.076236511	0.088193255	-0.99960009	-0.995945040	-0.9943484	-0.09785459	-0.041437227	-0.051773459	-0.9998141	-0.99857120	-0.9955959	-0.995868300	-0.99579684	-0.995868300	-0.99579684	-0.99125179	-0.99567961	-0.997056250	-0.99852708	-0.9988674	-0.99923411	-0.99307421	-0.988796660	-0.9923731	-0.995641170	-0.9918477700	-0.99341508	-0.9917498900	-9.865749e-01	-0.99078170	-0.99350502
62
0.27588359	-0.0161503090	-0.10882921	-0.99551063	-0.995548040	-0.994000800	-0.20649916	0.76915180	0.592143220	-0.9976890	-0.99731442	-0.9965967	0.079217587	0.0138712920	0.0020966176	-0.99252096	-0.992573030	-0.99280008	-0.0275579170	-0.074717452	0.087574809	-0.99885209	-0.995185790	-0.9951147	-0.09866363	-0.040145171	-0.054970621	-0.9977071	-0.99821401	-0.9968358	-0.997588190	-0.99701193	-0.997588190	-0.99701193	-0.99333114	-0.99613653	-0.996619330	-0.99904418	-0.9986479	-0.99869226	-0.99480416	-0.993803730	-0.9924849	-0.995776760	-0.9957850600	-0.99471737	-0.9929998300	-9.928878e-01	-0.99038501	-0.99258743
63
0.27783021	-0.0176840540	-0.10570350	-0.99614315	-0.995968750	-0.994888600	-0.20702615	0.76962832	0.592192320	-0.9988680	-0.99778162	-0.9964700	0.074492793	0.0154218820	0.0049166674	-0.99331535	-0.994462850	-0.99278437	-0.0281896880	-0.075922288	0.085242467	-0.99843598	-0.994913710	-0.9943792	-0.09878671	-0.043011336	-0.055590732	-0.9973999	-0.99823857	-0.9966717	-0.997867250	-0.99868238	-0.997867250	-0.99868238	-0.99407848	-0.99660017	-0.996240040	-0.99800631	-0.9985391	-0.99862726	-0.99518020	-0.993882450	-0.9936067	-0.996580880	-0.9964224800	-0.99535591	-0.9930804300	-9.942709e-01	-0.99069800	-0.99421221
64
0.27937115	-0.0176449530	-0.10818111	-0.99523683	-0.995810090	-0.994430450	-0.20699211	0.76946735	0.592916550	-0.9992740	-0.99791058	-0.9950377	0.072594696	0.0102755190	-0.0026395340	-0.99130441	-0.993924680	-0.99287189	-0.0279483240	-0.075748823	0.086152221	-0.99904601	-0.994318450	-0.9933514	-0.09777343	-0.041491156	-0.054167484	-0.9993053	-0.99769529	-0.9958754	-0.997318800	-0.99877904	-0.997318800	-0.99877904	-0.99366314	-0.99440637	-0.995952830	-0.99717953	-0.9984094	-0.99873700	-0.99354586	-0.993989500	-0.9942592	-0.996098440	-0.9960855400	-0.99408934	-0.9909276900	-9.936697e-01	-0.99164211	-0.99256906
65
0.01901615	-0.0070373566	-0.02833336	-0.66129361	-0.713352570	-0.701155170	0.04474389	0.75845367	0.504936070	-0.3121336	-0.77139191	-0.6209975	0.334817790	-0.0873422420	-0.2407832200	-0.91991800	-0.867413190	-0.92903150	0.2020498200	0.040694905	0.731626570	-0.88716564	-0.915990420	-0.8722675	-0.11950341	-0.033136459	-0.081185235	-0.9352406	-0.93776472	-0.9348300	-0.721626990	-0.41726279	-0.721626990	-0.41726279	-0.92190280	-0.86582785	-0.607384400	-0.79933651	-0.9501847	-0.91945032	-0.66860442	-0.789637980	-0.7349981	-0.658253240	-0.6965821000	-0.70531714	-0.9158276200	-8.596300e-01	-0.91560292	-0.93244267
66
0.34020850	-0.0364529840	-0.10625819	-0.95859648	-0.908055820	-0.984669480	-0.04772783	0.76866913	0.540988150	-0.9064059	-0.91499999	-0.9878637	0.071098045	0.0268274720	0.0401078460	-0.98258651	-0.984591270	-0.98081566	0.1186012000	-0.018781307	0.512902110	-0.94532037	-0.979073020	-0.8614257	-0.11843114	-0.038440072	-0.136265670	-0.9874577	-0.98708777	-0.9904297	-0.942902620	-0.92188864	-0.942902620	-0.92188864	-0.98397266	-0.98006107	-0.751969170	-0.84458764	-0.9891264	-0.98723543	-0.97498679	-0.954101780	-0.9775040	-0.953116510	-0.8950186800	-0.99104596	-0.9821090700	-9.823707e-01	-0.97633568	-0.98475582
67
-0.16642569	-0.1193525100	0.13303497	-0.63313536	-0.189775030	-0.319336290	-0.04169984	0.75554154	0.547425350	-0.8556327	-0.96354752	-0.8983603	-0.043507411	-0.0537663920	0.1950341900	-0.87762809	-0.650658420	-0.83940869	-0.0593797790	0.088092240	0.131255680	-0.42283371	-0.788106630	-0.5651787	-0.04233134	-0.073041670	-0.056678688	-0.6058686	-0.89932747	-0.8166302	-0.518427790	0.06407340	-0.518427790	0.06407340	-0.85561065	-0.66085342	-0.599101830	-0.21074593	-0.8687560	-0.69583753	-0.74175973	-0.370474180	-0.5416978	-0.597924080	-0.1578801500	-0.26673644	-0.8700987600	-6.691152e-01	-0.81513119	-0.89850916
68
-0.23910256	-0.0969043910	0.14803461	-0.63732529	-0.127692220	-0.258924030	-0.18770377	0.70262213	0.637227850	-0.3369456	-0.68559820	-0.3907488	0.113142680	0.0748063110	-0.1038263700	-0.87257116	-0.642571010	-0.83199907	-0.0359611920	-0.034605486	0.058812713	-0.38879976	-0.744798780	-0.5959508	-0.09658881	-0.074083925	-0.056614254	-0.5884292	-0.89356735	-0.8121382	-0.362108240	-0.12667840	-0.362108240	-0.12667840	-0.82366323	-0.68634475	-0.547093370	-0.23749421	-0.8308079	-0.71704468	-0.78254802	-0.353027650	-0.5823831	-0.593623410	-0.0820212340	-0.17499567	-0.8666829200	-6.594814e-01	-0.80855043	-0.89167443
69
0.34696848	0.0694086470	-0.20082552	-0.80390335	-0.741742190	-0.605382340	-0.35145953	0.65518574	0.731109760	-0.7064025	-0.83510249	-0.7065995	0.208875360	0.1137279700	-0.2230381700	-0.96418890	-0.915076730	-0.95496396	0.0821332120	-0.243235220	0.215929530	-0.80797336	-0.924891460	-0.9259426	-0.19508446	-0.004628999	-0.128992860	-0.8816520	-0.96388666	-0.9594740	-0.676364250	-0.77805010	-0.676364250	-0.77805010	-0.94306581	-0.94913627	-0.801574670	-0.75933208	-0.9460804	-0.92582469	-0.82682765	-0.804547660	-0.7169056	-0.795287660	-0.7286633600	-0.58065442	-0.9630919300	-9.134280e-01	-0.94547883	-0.96880155
70
0.30383319	0.1036482000	-0.24533103	-0.75599409	-0.642570640	-0.695500700	-0.33939193	0.69709740	0.702091160	-0.7865452	-0.78429151	-0.6899307	-0.048777316	0.1454851700	0.1047531500	-0.83892922	-0.795810290	-0.88210340	-0.0369361030	-0.057546422	-0.052175402	-0.63256602	-0.783017970	-0.6248536	-0.79429092	0.069186911	-0.219667870	-0.6729598	-0.87982746	-0.8589327	-0.634960060	-0.70007559	-0.634960060	-0.70007559	-0.85112159	-0.79163541	-0.715739090	-0.43782608	-0.8710263	-0.73505633	-0.77764042	-0.656414740	-0.7438947	-0.747737720	-0.6570983700	-0.69274327	-0.8412869400	-7.774883e-01	-0.86899322	-0.85091830
71
-0.36120533	-0.2681211100	0.17689637	-0.59939182	0.532505730	0.004324026	-0.36048000	0.71643717	0.662979600	-0.5721728	-0.72466654	-0.7863002	0.020624221	-0.2687057200	0.2369391400	-0.64824281	-0.250329280	-0.61258935	-0.2378248200	0.001320819	-0.098544364	-0.08129443	-0.670237930	-0.5718981	-0.26163473	-0.119858330	-0.012435592	-0.3626256	-0.72314441	-0.7163254	-0.062945893	0.30788151	-0.062945893	0.30788151	-0.56428225	-0.33962197	-0.401129810	0.27340612	-0.6756277	-0.53941555	-0.62167946	0.263199650	-0.2563441	-0.590777180	0.5628890300	0.05497759	-0.6369862600	-2.105832e-01	-0.57076123	-0.69447248
72
-0.27706634	-0.6840965900	0.34665772	-0.59641047	0.024682958	-0.160404490	-0.57349604	0.52510468	0.779763280	-0.2424105	0.06945978	-0.1476819	0.170611230	-0.3848919000	-0.0286405250	-0.67369935	-0.269855940	-0.62029149	-0.2298139700	-0.084139792	0.126584780	-0.11708191	-0.705085290	-0.7254222	0.60049262	-0.144505770	0.106279180	-0.4569194	-0.74054968	-0.7499631	0.294838960	-0.04090274	0.294838960	-0.04090274	-0.62540929	-0.29310124	-0.484206220	0.25838625	-0.7502360	-0.54078957	-0.60838922	0.029028661	-0.3175645	-0.591637890	-0.0424261010	-0.14414422	-0.6589298100	-2.443779e-01	-0.57776080	-0.72221064
73
0.25747650	-0.4138653400	0.01737419	-0.91966606	0.075259481	-0.630715630	-0.74182101	0.16014065	0.949543310	-0.8332242	0.13696674	-0.5178259	0.111612640	0.3056408000	-0.2212343400	-0.90510028	-0.886016310	-0.91145828	0.0499288140	-0.115302760	0.195687590	-0.70487231	-0.858210790	-0.8784089	0.11264077	0.027738790	-0.064159118	-0.9214377	-0.92801395	-0.9485194	-0.331015760	-0.05341762	-0.331015760	-0.05341762	-0.92047767	-0.85134447	-0.733580550	-0.71856338	-0.9508217	-0.89968023	-0.90611827	-0.387616040	-0.7277366	-0.925607660	0.1888508500	-0.61043760	-0.9082204700	-8.793609e-01	-0.89344593	-0.91017271
74
0.27683965	-0.0271476600	-0.12317480	-0.97739515	-0.587599880	-0.970670280	-0.75672502	-0.05899586	0.999349900	-0.9738034	-0.69035884	-0.9568793	0.067194990	0.2242566400	-0.0003273832	-0.97463659	-0.965322160	-0.98959311	0.1612799100	-0.130438590	0.212131060	-0.94601195	-0.983027070	-0.9647073	-0.11341681	-0.029336611	-0.066985016	-0.9789231	-0.98440393	-0.9916113	-0.849351620	-0.74996890	-0.849351620	-0.74996890	-0.97568945	-0.98009774	-0.792010160	-0.90706493	-0.9851478	-0.98501114	-0.97590839	-0.684634970	-0.9819809	-0.977881260	-0.5687337400	-0.96595169	-0.9746514800	-9.682883e-01	-0.98784889	-0.97690911
75
0.26865095	0.0164301540	-0.10372571	-0.98569313	-0.895905440	-0.988195080	-0.75607738	-0.06842049	0.994296730	-0.9834978	-0.87756222	-0.9854585	0.077417432	-0.0373598080	0.0074256146	-0.97566868	-0.980063760	-0.99261290	0.0865720530	-0.107677430	0.159074330	-0.95021471	-0.988112220	-0.9694810	-0.13014634	-0.036068798	-0.069935123	-0.9845120	-0.98667782	-0.9938833	-0.950780660	-0.91348682	-0.950780660	-0.91348682	-0.98420696	-0.98054207	-0.876342720	-0.91334379	-0.9900837	-0.98434630	-0.98176325	-0.932346650	-0.9893869	-0.987560860	-0.8858831000	-0.98742986	-0.9759805600	-9.779399e-01	-0.99128063	-0.97748471
76
0.28526329	-0.0088888110	-0.10374518	-0.99549458	-0.979827840	-0.995419070	-0.75875146	-0.04599824	0.995772900	-0.9941360	-0.97831578	-0.9885718	0.080899203	-0.0004153396	-0.0171794540	-0.99271975	-0.989945920	-0.99590479	0.0189821970	-0.088940444	0.110343060	-0.96234199	-0.993114060	-0.9813494	-0.12062556	-0.035133122	-0.064724956	-0.9939596	-0.99601352	-0.9961635	-0.989813350	-0.99013960	-0.989813350	-0.99013960	-0.99420976	-0.99676198	-0.951215360	-0.93829404	-0.9961971	-0.99682330	-0.99356756	-0.983215340	-0.9934629	-0.996532590	-0.9782760700	-0.99640540	-0.9926700200	-9.890680e-01	-0.99440684	-0.99342505
77
0.28347732	-0.0075244582	-0.10928717	-0.99458009	-0.986763770	-0.996093340	-0.75643925	-0.04004269	0.997321920	-0.9919405	-0.97934351	-0.9983059	0.067279115	0.0083881751	0.0005915270	-0.99155723	-0.992394840	-0.99242860	-0.0223196250	-0.073791881	0.081217964	-0.98176287	-0.994969890	-0.9910773	-0.11018738	-0.038877206	-0.060758143	-0.9935332	-0.99574747	-0.9969643	-0.990560140	-0.99211327	-0.990560140	-0.99211327	-0.99250833	-0.99639147	-0.987370970	-0.98035599	-0.9961236	-0.99674240	-0.99230658	-0.988173030	-0.9939374	-0.995796690	-0.9857358000	-0.99721457	-0.9913250600	-9.921926e-01	-0.99003854	-0.99260560
78
0.27302712	-0.0101967570	-0.11115339	-0.99312530	-0.990001000	-0.995408210	-0.75507694	-0.03458935	0.996835350	-0.9972049	-0.98764316	-0.9960833	0.071901676	0.0187174500	0.0076429677	-0.98795958	-0.989340570	-0.99198477	-0.0334966340	-0.068706240	0.076413374	-0.99260027	-0.996918580	-0.9951002	-0.10087654	-0.036907457	-0.050117834	-0.9949242	-0.99568523	-0.9968457	-0.992300700	-0.99519865	-0.992300700	-0.99519865	-0.99000829	-0.99459061	-0.992047650	-0.99363406	-0.9965365	-0.99682352	-0.99141608	-0.988455070	-0.9933639	-0.993908790	-0.9904275800	-0.99647208	-0.9886746500	-9.898086e-01	-0.99029168	-0.98816994
79
0.28202157	-0.0376962180	-0.13489730	-0.32828019	-0.137153390	-0.189085940	0.94530277	-0.24594143	-0.032164781	-0.9840476	-0.92892805	-0.9325598	-0.156485650	-0.1428529600	-0.1130786900	-0.18375939	-0.170461310	-0.61382990	-0.4797295200	0.082034033	0.256443090	-0.32354578	-0.141939720	-0.4565980	0.09424803	-0.476210050	-0.142133640	-0.3457161	-0.48674954	-0.4215080	-0.224559620	-0.23798068	-0.224559620	-0.23798068	-0.28942433	-0.16500010	-0.034395601	-0.16818626	-0.4661497	-0.43365401	-0.26090491	-0.122566800	-0.3312160	-0.356707010	-0.1995671900	-0.17778017	-0.2104644700	-2.635281e-01	-0.53570907	-0.22825321
80
0.25584075	-0.0645500290	-0.09518634	-0.22920689	0.016506077	-0.260310880	0.94111300	-0.25203524	-0.032883452	-0.9839625	-0.91749933	-0.9490782	-0.207554100	0.3578428400	-0.4524009300	-0.10835028	-0.018692846	-0.54755884	0.0940914810	-0.309152910	0.086441165	-0.39925291	-0.088415705	-0.4021575	0.16674262	-0.033796125	-0.089260236	-0.2498919	-0.45374418	-0.3698131	-0.126502690	-0.21339031	-0.126502690	-0.21339031	-0.13850122	-0.19859030	-0.140938230	-0.21605518	-0.3899198	-0.43898407	-0.15111525	-0.029049967	-0.2573071	-0.262197270	-0.0238578470	-0.32216393	-0.1783384400	-1.208388e-01	-0.49894754	-0.11404500
81
0.25486723	0.0038147234	-0.12365809	-0.27515786	0.013079871	-0.284371310	0.94636390	-0.26427810	-0.025575066	-0.9628101	-0.95613091	-0.9719092	0.201604470	0.4170822900	0.1390781700	-0.17769459	-0.029600637	-0.57950713	0.2112005700	-0.272905420	0.101986010	-0.44543781	-0.063083329	-0.3470558	-0.16322550	-0.005560408	-0.231554790	-0.2642317	-0.42467650	-0.3425422	-0.160100010	-0.25757110	-0.160100010	-0.25757110	-0.19435478	-0.21994358	-0.094593563	-0.29084739	-0.3741507	-0.41803191	-0.23040737	0.025426852	-0.3773113	-0.293522340	-0.0576931730	-0.29008541	-0.1926534600	-1.096107e-01	-0.52564781	-0.23589453
82
0.34337048	-0.0144462210	-0.16737697	-0.22992354	0.173910770	-0.213387510	0.95244515	-0.25983791	-0.026131065	-0.9811001	-0.96439894	-0.9643039	0.336084530	-0.4641435800	-0.0050257445	-0.12048623	0.028659631	-0.52146493	0.0960817380	-0.163394250	0.025859464	-0.36040537	0.042333424	-0.2761384	-0.05462885	0.340289290	-0.269671590	-0.1020531	-0.24344225	-0.3115771	-0.073513080	-0.19511453	-0.073513080	-0.19511453	-0.12948008	-0.17393461	-0.049340623	-0.09012390	-0.2364741	-0.22944178	-0.15132288	0.195267200	-0.3212387	-0.263125570	0.0878553160	-0.21697496	-0.1834189500	-2.597198e-02	-0.48742267	-0.13227926
83
0.27623973	-0.0296384130	-0.14261631	-0.22657692	0.164287920	-0.122544960	0.94712514	-0.25710034	-0.028422611	-0.9769275	-0.98859597	-0.9604447	-0.235623390	-0.1117772300	0.1726546000	-0.19243345	0.053981333	-0.46932414	0.0087423875	0.011660578	0.004174515	-0.37755748	0.133715030	-0.3081481	-0.07566824	0.171466880	0.136450720	-0.1290674	-0.19010724	-0.4183491	-0.049492050	-0.21102536	-0.049492050	-0.21102536	-0.15986860	-0.14985071	-0.021410464	-0.04463632	-0.2200966	-0.21277224	-0.22580363	0.110288480	-0.2048832	-0.226802270	0.1188010600	-0.14635155	-0.2852402200	-1.110185e-02	-0.42589499	-0.16922718
84
0.25546822	0.0212190630	-0.04894943	-0.22453699	0.022312942	-0.113196240	0.94574875	-0.25477781	-0.026521446	-0.9853150	-0.98019454	-0.9662646	0.115929910	0.2346673100	0.3615051800	-0.24577701	-0.020566631	-0.46593017	-0.0425566000	0.097617796	0.084655454	-0.51085478	0.026422841	-0.3724244	-0.33244254	-0.406247560	0.238770620	-0.2875010	-0.29241241	-0.4825550	-0.077394435	-0.23776722	-0.077394435	-0.23776722	-0.20600860	-0.19927244	-0.138875310	-0.16730755	-0.3038356	-0.37442998	-0.29042868	0.057822283	-0.2483574	-0.199970710	-0.0620991190	-0.11065828	-0.2980468400	-5.172677e-02	-0.43348651	-0.25753842
85
0.32113983	0.0015817951	-0.04355370	-0.23395567	0.034774517	-0.161930470	0.95021213	-0.24482976	-0.023627905	-0.9899452	-0.95439711	-0.9701761	0.304833180	-0.0949930430	-0.3623950100	-0.10173292	-0.053477323	-0.49861984	-0.0372465090	-0.097676458	0.132483280	-0.50430997	-0.101970170	-0.3224054	-0.25613684	-0.190438070	-0.010926571	-0.2418950	-0.36814485	-0.4095904	-0.095493110	-0.23418525	-0.095493110	-0.23418525	-0.14666420	-0.15836859	-0.196389870	-0.25609966	-0.3271154	-0.42371876	-0.16356217	-0.041627698	-0.2532923	-0.263476930	0.0085179170	-0.17781648	-0.1677531700	-1.498672e-01	-0.45649574	-0.11202062
86
0.23466590	-0.0495477190	-0.11175723	-0.24708664	0.055164926	-0.208563330	0.94913033	-0.23690505	-0.022201127	-0.9803215	-0.98391850	-0.9687767	-0.209168400	0.1750054800	-0.4204220700	-0.01519351	0.005125592	-0.49424157	-0.0161086060	-0.224752700	0.148829640	-0.47230941	-0.061530134	-0.2983708	0.06436962	-0.068501754	-0.208081940	-0.2069462	-0.34268862	-0.3438775	-0.113443280	-0.23084634	-0.113443280	-0.23084634	-0.09706303	-0.06163339	-0.146382510	-0.24908129	-0.3037392	-0.37066839	-0.18777314	-0.004656817	-0.2686715	-0.271723760	0.0194942470	-0.23757804	-0.1717009500	-1.272058e-01	-0.43539110	0.05157915
87
0.31263404	-0.0263677490	-0.13095121	-0.35309860	-0.017382150	-0.127807600	0.94691727	-0.26205559	-0.020235796	-0.9850642	-0.94652431	-0.8370938	-0.094394668	0.0130173540	-0.3057948900	-0.30650885	-0.068948743	-0.60594792	-0.2392859300	0.078229978	0.043137262	-0.46501506	-0.167400450	-0.4315109	0.03446728	-0.346229650	0.190770190	-0.2890267	-0.49804596	-0.5494883	-0.169629600	-0.32073899	-0.169629600	-0.32073899	-0.28756092	-0.27400211	-0.214722040	-0.22792935	-0.4643463	-0.46330737	-0.27490680	-0.062349562	-0.3190946	-0.386570780	-0.0559098780	-0.09838540	-0.3248855400	-1.582118e-01	-0.56272771	-0.34905958
88
0.27691540	-0.0354862100	-0.08056918	-0.26294183	0.111277810	-0.212700270	0.94686993	-0.25580058	-0.035627962	-0.9908289	-0.98245209	-0.9147133	-0.174053690	-0.0443091430	-0.3165089400	-0.20323289	0.071281747	-0.50076699	-0.0707388470	-0.118815440	0.149890710	-0.46773904	-0.088727759	-0.3781228	0.18603411	-0.332579640	-0.026497040	-0.1997635	-0.46388403	-0.4259917	-0.107472340	-0.24223487	-0.107472340	-0.24223487	-0.16292627	-0.16984307	-0.178794540	-0.25342387	-0.3927762	-0.43292775	-0.23624459	0.108527710	-0.2746545	-0.273649080	0.0423823330	-0.24038519	-0.2374701900	-3.971324e-02	-0.45371719	-0.23775165
89
0.20530739	-0.0085082782	-0.11964696	-0.26070490	0.027917204	-0.226545700	0.94541890	-0.25466811	-0.032057504	-0.9889889	-0.99000079	-0.9285539	0.314329000	-0.0372607860	-0.1085885700	-0.17219386	-0.068312343	-0.50717565	0.0127809600	-0.295050110	0.183754780	-0.51115059	-0.098407942	-0.3493255	0.04508272	0.224458400	-0.250617440	-0.2529335	-0.46293500	-0.3901764	-0.129802930	-0.25904260	-0.129802930	-0.25904260	-0.20197140	-0.16995986	-0.186565460	-0.28436434	-0.3894135	-0.46969061	-0.20511072	-0.042937314	-0.3388573	-0.283723780	-0.0006035845	-0.22692835	-0.2334397800	-1.682054e-01	-0.47693821	-0.18124372
90
0.30699599	-0.0137869800	-0.18016197	-0.23902985	0.072865343	-0.247204440	0.94193674	-0.25575938	-0.026832917	-0.9878370	-0.99383300	-0.9510834	0.467070360	-0.3792151900	-0.1268068900	-0.10057023	-0.033826936	-0.54400891	-0.0196917170	-0.163205240	0.099528543	-0.49171175	-0.065042631	-0.3160630	-0.14267476	0.395783430	-0.212129910	-0.2417004	-0.35470816	-0.3939224	-0.104808760	-0.25305003	-0.104808760	-0.25305003	-0.15146378	-0.16172564	-0.162954120	-0.25447801	-0.3143304	-0.41836589	-0.17074770	0.018598110	-0.3555499	-0.267590100	0.0333544000	-0.24801824	-0.1759528400	-1.384389e-01	-0.49953681	-0.10160387
91
0.28151325	-0.0408008980	-0.13467496	-0.20097415	0.132354110	-0.220234230	0.93746757	-0.25840003	-0.034867064	-0.9840391	-0.97922640	-0.9524709	-0.233325630	0.0265853330	0.3406615700	-0.15591105	0.058591159	-0.49444866	-0.0492023810	0.088514793	0.019604124	-0.43666047	0.033947370	-0.3092249	-0.13278403	-0.037932658	-0.065283761	-0.1709756	-0.30613491	-0.3838865	-0.063225767	-0.21278856	-0.063225767	-0.21278856	-0.12198932	-0.20366331	-0.075164913	-0.20769179	-0.2719825	-0.35678785	-0.19711314	-0.058279826	-0.2526129	-0.202420930	0.1516668900	-0.26403888	-0.2305614000	-1.243979e-01	-0.45758603	-0.15301970
92
0.30388542	0.0027680377	-0.03861309	-0.16865626	0.190335730	-0.140472600	0.93719527	-0.26621211	-0.034423250	-0.9822816	-0.97078768	-0.9603479	0.019032962	0.0742491220	0.2957863500	-0.16651885	0.170015210	-0.43981611	-0.0179271180	0.105327810	0.079664131	-0.45932476	0.034665288	-0.3258428	-0.08703497	-0.291154270	0.298031280	-0.1951596	-0.26988336	-0.3623349	-0.017610633	-0.14299831	-0.017610633	-0.14299831	-0.10161814	-0.10006713	-0.099273959	-0.16899804	-0.2747823	-0.28557360	-0.23666293	0.095769616	-0.1641639	-0.143264790	0.1631943500	-0.19593143	-0.2442747100	1.320116e-02	-0.39531278	-0.15971427
93
0.35419290	-0.0125609350	-0.05868094	-0.20842457	0.234790710	-0.159262870	0.94782306	-0.26539900	-0.030585939	-0.9586719	-0.96268320	-0.9732537	0.165116690	-0.2504743500	-0.2625337800	-0.11675796	0.223707060	-0.44241294	-0.0114817050	-0.153322760	0.112702130	-0.51392579	-0.050255776	-0.2828863	-0.09396427	-0.263730190	-0.067837338	-0.2756479	-0.31532794	-0.2738289	-0.035592505	-0.15547409	-0.035592505	-0.15547409	-0.05189008	-0.08647235	-0.153659650	-0.26457853	-0.2996404	-0.34351191	-0.21376697	0.188236500	-0.2294450	-0.206270660	0.1810332400	-0.18672309	-0.1942119500	9.323350e-02	-0.38083270	-0.11438034
94
0.22229785	-0.0186596830	-0.11718642	-0.22054434	0.169816570	-0.212305660	0.95736507	-0.25851158	-0.030633221	-0.9807135	-0.97632552	-0.9730825	-0.241610750	0.4464715300	-0.0948297600	-0.04379191	0.099639636	-0.48190249	0.0129971230	-0.227591540	0.142885780	-0.47216816	-0.027794022	-0.2628194	-0.18520624	-0.132872280	-0.147674750	-0.2343417	-0.32301273	-0.2689270	-0.062178356	-0.22499279	-0.062178356	-0.22499279	-0.05564651	-0.11724214	-0.124089310	-0.21431024	-0.2890987	-0.35180971	-0.14008210	0.181807340	-0.3026973	-0.254565650	0.0891287600	-0.22484644	-0.1308761400	3.368739e-02	-0.42484368	-0.03808274
95
0.21448125	0.0099387454	-0.12307300	-0.20551618	0.106006200	-0.210924430	0.95473147	-0.25421267	-0.027618421	-0.9775431	-0.97978106	-0.9689511	0.407987300	0.3678247900	-0.1230161700	0.00699498	0.002761854	-0.48606746	0.0146516100	-0.190636540	0.103597850	-0.41936161	-0.012322999	-0.3079156	-0.29718539	0.002598069	-0.130057200	-0.1569296	-0.28572187	-0.3439257	-0.072821245	-0.20792297	-0.072821245	-0.20792297	-0.08679676	-0.04108248	-0.126386650	-0.11301552	-0.2711544	-0.29102630	-0.16044156	0.117668090	-0.2904006	-0.223924650	0.0296300750	-0.22930848	-0.1176189600	-8.985511e-02	-0.43801900	0.04403899
96
0.32731657	-0.0222558210	-0.14914390	-0.24864532	0.133229130	-0.179546970	0.94502756	-0.25147834	-0.024245992	-0.9732221	-0.98866929	-0.9739678	0.398623910	-0.3450005200	-0.1626956300	-0.05266623	-0.011569978	-0.49488470	-0.0455323790	-0.146006390	0.006802245	-0.42216651	-0.013167728	-0.2926046	0.01400096	0.403991090	-0.473045260	-0.1223961	-0.24923106	-0.3803075	-0.089840429	-0.20806055	-0.089840429	-0.20806055	-0.11413474	-0.10512383	-0.123044220	-0.12499318	-0.2497903	-0.25113264	-0.14590750	0.116557630	-0.2608198	-0.293129490	0.0704857480	-0.19942678	-0.1654679800	-1.058541e-01	-0.45222392	-0.02183220
97
0.34905910	-0.0220037840	-0.15005217	-0.30312548	0.152606810	-0.174297780	0.94334390	-0.24400324	-0.020724365	-0.9806463	-0.95426823	-0.9614655	-0.168554860	0.0119773580	0.0863083980	-0.08000264	0.080883395	-0.51619977	-0.0683534970	0.023946895	-0.013789422	-0.44827352	0.051216271	-0.2688670	-0.15539915	0.427455930	0.192416690	-0.1322885	-0.19251285	-0.3673962	-0.113136280	-0.24002292	-0.113136280	-0.24002292	-0.09801408	-0.12212111	-0.091700752	-0.09952225	-0.2246535	-0.19401136	-0.21723827	0.159866710	-0.2953740	-0.339973740	0.0756000860	-0.17422927	-0.1965416000	1.408531e-02	-0.47215737	-0.04367751
98
0.26468173	-0.0085919266	-0.10297373	-0.36323752	0.036867249	-0.244158990	0.94864827	-0.23438221	-0.018602576	-0.9887960	-0.97559339	-0.9677170	-0.343985330	0.1807708000	0.3183324700	-0.16529632	0.072032833	-0.51618121	-0.0658244830	0.104709540	0.095624123	-0.50437893	0.015762644	-0.3000320	-0.25653499	-0.318280380	0.313074910	-0.2430962	-0.28409765	-0.4048348	-0.206715790	-0.26627391	-0.206715790	-0.26627391	-0.15230543	-0.14358044	-0.135993970	-0.14268962	-0.3026735	-0.30304085	-0.19953205	0.022032211	-0.3276527	-0.440571160	-0.0207286370	-0.25777483	-0.2085443800	-3.831100e-02	-0.49079204	-0.19349650
99
0.28431748	-0.0272058150	-0.21230304	-0.18344442	0.141075880	-0.225689410	0.95641810	-0.26000305	-0.014160474	-0.9843450	-0.98581160	-0.8278583	-0.190761150	-0.1583020400	0.2725886000	-0.06757338	0.066278536	-0.50920898	0.1916016200	-0.075822649	-0.022387581	-0.45595247	0.030218936	-0.2660703	-0.32034437	0.233154860	0.020468126	-0.2520750	-0.31816424	-0.3251202	-0.046277939	-0.20362526	-0.046277939	-0.20362526	-0.09639143	-0.11268336	-0.039073593	-0.26132279	-0.2864583	-0.38555145	-0.13906724	0.119694390	-0.2710587	-0.201562900	0.0802205240	-0.26160658	-0.0878689500	-9.030848e-03	-0.44351246	-0.12981224
100
0.22172674	-0.0243769700	-0.07507641	-0.11171737	0.111130280	-0.221832560	0.95149993	-0.26356251	-0.039357122	-0.9601321	-0.97861400	-0.9450995	0.339357550	0.4257825400	0.6341734700	0.01595463	0.020949223	-0.53052568	0.0214834250	0.064451419	0.072782290	-0.48266333	-0.022088940	-0.3105725	-0.13520120	0.039407764	0.222430000	-0.2782030	-0.38913764	-0.3403376	-0.006788252	-0.18330520	-0.006788252	-0.18330520	-0.07225395	-0.07689902	-0.129628640	-0.23547414	-0.3351580	-0.44745156	-0.04223515	0.019272438	-0.2801138	-0.140573120	0.0876268760	-0.25071543	-0.0005865949	-8.471797e-02	-0.43688721	-0.05814630
101
0.29097148	-0.0278104180	-0.04298254	-0.13937030	0.038038012	-0.266840560	0.93851389	-0.26841916	-0.036339041	-0.9554587	-0.97999716	-0.9482406	0.211715740	-0.2848952700	-0.1670799700	-0.02852919	-0.010069102	-0.56488149	-0.0366181740	-0.089046514	0.159688510	-0.49677092	-0.080350970	-0.3628454	0.03671847	-0.368108650	-0.160545150	-0.1967668	-0.30996790	-0.3610017	-0.044258164	-0.24087174	-0.044258164	-0.24087174	-0.10687664	-0.13172475	-0.192946220	-0.22935232	-0.2998284	-0.31259403	-0.10160818	-0.037894869	-0.3712348	-0.154684070	0.0114049760	-0.26816235	-0.0355643060	-1.053649e-01	-0.49159537	-0.10956803
102
0.26108077	-0.0156356210	-0.10258842	-0.17123888	0.201236070	-0.261588730	0.93447152	-0.26936496	-0.030656862	-0.9811307	-0.98894779	-0.9771160	-0.190437770	-0.1273733200	-0.4591333100	-0.02934305	0.256243460	-0.48275693	-0.0329982000	-0.167240480	0.176336610	-0.46948578	0.032367693	-0.3017354	0.05507989	-0.220132960	0.013602134	-0.1112245	-0.11567141	-0.2754642	-0.041734145	-0.16345806	-0.041734145	-0.16345806	-0.04904026	0.05555580	-0.112013610	-0.13818532	-0.1642771	-0.12044922	-0.10138669	0.141476750	-0.2790381	-0.200368710	0.1562948400	-0.31082511	-0.0207911290	1.572441e-01	-0.42861504	-0.12884595
103
0.25242505	0.0062773455	-0.12518006	-0.23722530	0.223488380	-0.229013430	0.93776033	-0.26882859	-0.029314983	-0.9808154	-0.99280021	-0.9765402	0.188408430	-0.0879396530	-0.3554996400	-0.13896740	0.283866530	-0.49038004	-0.0451324380	-0.262268960	0.055677772	-0.44777597	0.055891583	-0.3013381	-0.44250138	-0.053248324	-0.091127344	-0.1711331	-0.14115854	-0.3678996	-0.083892745	-0.13550100	-0.083892745	-0.13550100	-0.11378360	0.05361793	-0.088644270	-0.11513234	-0.2018006	-0.16298274	-0.22538750	0.263190800	-0.2801223	-0.241885910	0.1237494400	-0.26139909	-0.1645787800	2.489610e-01	-0.43954820	-0.18877040
104
0.35878664	-0.0169545050	-0.15477656	-0.25146160	0.270054990	-0.185019170	0.93861575	-0.26828456	-0.026783007	-0.9814576	-0.98200461	-0.9733533	-0.084283367	0.1847861400	0.1706285300	-0.13218033	0.293927460	-0.49133816	-0.0664706230	0.005645369	-0.028907552	-0.45538127	0.069813254	-0.3490095	-0.33879212	0.173199700	-0.044852940	-0.1532874	-0.21289807	-0.4642286	-0.070705961	-0.12111633	-0.070705961	-0.12111633	-0.08714795	0.01472994	-0.093538752	-0.11111527	-0.2365622	-0.25478179	-0.20094001	0.282092270	-0.2950897	-0.272283510	0.1828646600	-0.18961124	-0.2063346600	1.680966e-01	-0.48986138	-0.13176404
105
0.25693500	-0.0105774010	-0.10544192	-0.23004356	0.187334550	-0.164254910	0.94075878	-0.25886389	-0.022928327	-0.9796220	-0.95156888	-0.9627157	0.010782856	0.4406822900	0.4735210900	-0.15428198	0.162978860	-0.53678301	-0.0475147220	0.144637250	0.061859023	-0.50627991	0.009218841	-0.3683153	0.14784692	0.213243760	0.149348340	-0.1891030	-0.27999397	-0.4897907	-0.069540692	-0.15742320	-0.069540692	-0.15742320	-0.14261311	-0.06701237	-0.141954260	-0.18180899	-0.2960481	-0.29858896	-0.17324885	0.234452380	-0.2249875	-0.253568820	0.0856815750	-0.19645951	-0.1905122600	9.169805e-02	-0.50836523	-0.19107095
106
0.29855414	0.0007944557	-0.04069567	-0.19810732	-0.004637693	-0.185038090	0.95022231	-0.24907103	-0.018489407	-0.9594804	-0.98406972	-0.9646843	0.417746730	-0.3286508400	0.0480783450	-0.15415699	-0.062067882	-0.58732491	-0.0599592100	0.025881487	0.115522750	-0.54702492	-0.073083343	-0.3867140	0.18695314	-0.112682190	-0.030516287	-0.2809896	-0.38880511	-0.4576879	-0.086942954	-0.22519670	-0.086942954	-0.22519670	-0.20374475	-0.19153489	-0.211465540	-0.24228744	-0.3669457	-0.42317337	-0.17090554	0.003701515	-0.3590349	-0.208988100	-0.0720510010	-0.15953272	-0.2105618900	-1.296785e-01	-0.52522565	-0.16967917
107
0.30804575	-0.0233004580	-0.07970154	-0.19869979	0.134321990	-0.177237230	0.95683540	-0.24566304	-0.019715884	-0.9903853	-0.98497605	-0.9677330	-0.003779975	-0.1876454800	-0.2286138700	-0.04877346	0.096493976	-0.50771295	-0.0170109650	-0.132132070	0.118810700	-0.50791561	-0.010991653	-0.3402065	0.02969876	-0.281201950	-0.124743050	-0.1988336	-0.32634804	-0.3502552	-0.064423256	-0.15965905	-0.064423256	-0.15965905	-0.08847499	-0.06658776	-0.158392680	-0.18043843	-0.2970367	-0.34890167	-0.17194118	0.152701230	-0.2735004	-0.209450910	0.0523678830	-0.18944016	-0.1210870800	-3.119934e-05	-0.46027599	-0.05727187
108
0.20356167	-0.0305052300	-0.13709513	-0.24696440	0.298557830	-0.205753020	0.95367537	-0.24255418	-0.023026076	-0.9889260	-0.97937972	-0.9769005	-0.075184253	0.2401121600	-0.2585320000	-0.08120397	0.242974760	-0.49183255	0.0367745900	-0.235416280	0.166956280	-0.48177333	0.013741497	-0.3157274	-0.16067999	-0.095764335	-0.080900177	-0.2060078	-0.34147491	-0.2837951	-0.046465246	-0.18637060	-0.046465246	-0.18637060	-0.04602888	-0.06030593	-0.113072030	-0.19549783	-0.2934721	-0.36498378	-0.16095451	0.250437450	-0.2785755	-0.283635840	0.2415374600	-0.22806095	-0.1148217900	1.191155e-01	-0.45208251	-0.12740320
109
0.28056095	-0.0114246530	-0.15619795	-0.27398450	0.258437880	-0.225787540	0.95226274	-0.25175686	-0.027116144	-0.9889067	-0.94058126	-0.9599631	0.214735190	0.0021294310	-0.1875924800	-0.14904453	0.224881110	-0.51857424	0.0017780167	-0.174895940	0.081217617	-0.45651035	0.012341046	-0.3217886	-0.56239894	-0.055131597	-0.144395870	-0.1750300	-0.33935405	-0.3227951	-0.066594317	-0.25965723	-0.066594317	-0.25965723	-0.08568197	-0.11614363	-0.105370890	-0.20471308	-0.2873888	-0.36668668	-0.23835425	0.289186110	-0.3251885	-0.288447040	0.1615510400	-0.23268177	-0.1912163700	1.566000e-01	-0.49261846	-0.17987670
110
0.33216933	-0.0345858280	-0.15926922	-0.29396729	0.189680540	-0.225274630	0.94715881	-0.26440906	-0.035544763	-0.9733357	-0.98034353	-0.9534891	0.258650270	0.1510203900	0.1489838700	-0.13406131	0.148574720	-0.53567953	-0.0334570170	-0.049285129	-0.031259712	-0.44989473	0.041568905	-0.3084662	-0.14331220	0.148856540	-0.251833240	-0.1254202	-0.27286228	-0.4198543	-0.104721850	-0.24911625	-0.104721850	-0.24911625	-0.11081780	-0.12726716	-0.094159584	-0.14972158	-0.2528806	-0.30844168	-0.16439515	0.106519510	-0.3270915	-0.352027400	0.1570457600	-0.23099462	-0.1455503400	3.283585e-02	-0.47631176	-0.20019400
111
0.28703017	-0.0272399300	-0.11750002	-0.31223717	0.127000960	-0.252283100	0.94365045	-0.26163413	-0.037628000	-0.9850143	-0.96833214	-0.9536512	-0.052428623	0.1236930500	0.4027455800	-0.13233208	0.068705955	-0.58462858	-0.0813724460	0.056962195	0.044170007	-0.48169764	0.010786752	-0.3063627	0.16863397	0.300534900	0.153982220	-0.1983548	-0.28847986	-0.4395854	-0.146100560	-0.25310151	-0.146100560	-0.25310151	-0.14944980	-0.15065560	-0.129153230	-0.14860995	-0.2902064	-0.31878729	-0.23748236	0.115924130	-0.3319576	-0.343972470	0.0615717650	-0.26727924	-0.1905704100	-2.155064e-02	-0.55129678	-0.14788774
112
0.30159413	-0.0446530020	-0.08151395	-0.17845378	0.242833560	-0.144868240	0.94214757	-0.26420665	-0.037871942	-0.9262345	-0.96044242	-0.9339864	0.118254500	-0.0594443710	-0.2554362700	-0.09948417	0.272819950	-0.37464338	-0.6312848700	0.338864070	0.066264688	-0.43202934	-0.009447212	-0.3085973	0.11746285	-0.236708150	0.124921730	-0.1767196	-0.24802649	-0.3937595	-0.028582068	-0.07785658	-0.028582068	-0.07785658	-0.01274344	-0.04098058	0.080741014	-0.05434368	-0.2464726	-0.30047131	-0.13697476	0.187542810	-0.1807996	-0.195350640	0.1930045300	-0.19280265	-0.1324955700	1.417097e-01	-0.31505431	-0.14471705
113
0.24608919	-0.0161754230	-0.11188336	-0.22179285	0.067040367	-0.301514260	0.93159584	-0.26943482	-0.042872935	-0.9699187	-0.98357181	-0.9657571	-0.016628142	0.5689210800	0.1096554600	-0.07746399	-0.003454965	-0.55959575	-0.3664444300	0.072161271	0.177180010	-0.45341569	-0.061216287	-0.3276384	-0.12692638	-0.166802570	-0.178129070	-0.2233820	-0.40202293	-0.4774891	-0.111311720	-0.24041740	-0.111311720	-0.24041740	-0.13280349	-0.14814142	-0.088967213	-0.17357713	-0.3654577	-0.41555168	-0.14030599	0.096949071	-0.3820452	-0.256312430	-0.0169567770	-0.31231139	-0.0823610270	-9.792705e-02	-0.50478754	-0.15656367
114
0.29272439	-0.0021398385	-0.14034852	-0.25253682	0.041978126	-0.275238890	0.94120320	-0.26925779	-0.034422365	-0.9741355	-0.99192517	-0.9599043	0.548094300	-0.3875254600	-0.2793576300	-0.10769509	-0.059884818	-0.54949635	-0.1993631100	-0.095754272	0.088090716	-0.47562751	-0.054418398	-0.2734098	-0.04752922	0.529764130	-0.228089930	-0.2391981	-0.32726353	-0.5090618	-0.126372480	-0.27993018	-0.126372480	-0.27993018	-0.16651819	-0.16613371	-0.132053540	-0.21174070	-0.3270002	-0.36998523	-0.18988189	0.001056945	-0.3298360	-0.278618800	-0.0023412684	-0.30195312	-0.1540100800	-1.358961e-01	-0.48506920	-0.13785372
115
0.33156003	-0.0074950152	-0.13173868	-0.24591692	0.102938160	-0.233075590	0.94630634	-0.26574318	-0.028554153	-0.9891130	-0.97095515	-0.9685259	-0.219411530	0.0067696189	0.3014996000	-0.16129981	-0.021850877	-0.53413411	-0.0980312970	0.039626295	0.013021974	-0.44779670	-0.000303382	-0.3240960	-0.24627691	0.095352315	-0.019403398	-0.1723820	-0.29843382	-0.5105263	-0.105686140	-0.22777514	-0.105686140	-0.22777514	-0.17747339	-0.18800680	-0.114566560	-0.17649982	-0.2850545	-0.35491730	-0.20656176	-0.012330967	-0.3131565	-0.261928260	0.0908686410	-0.24938456	-0.2380180500	-1.572873e-01	-0.47145320	-0.15593782
116
0.20201055	-0.0090379452	-0.07909586	-0.22076970	0.123136240	-0.221638120	0.94588224	-0.25529462	-0.022558174	-0.9896079	-0.96304916	-0.9536348	-0.137826910	0.4212174900	0.5068525800	-0.13623691	0.042694630	-0.54598717	0.0174702530	0.051533555	0.107764030	-0.44545035	-0.022369313	-0.3484672	-0.19267678	-0.518209250	0.039482138	-0.1735095	-0.31881260	-0.4264349	-0.083591000	-0.20178048	-0.083591000	-0.20178048	-0.17541493	-0.09230775	-0.143820460	-0.14866380	-0.2997406	-0.33627652	-0.18248269	0.128438930	-0.2542127	-0.236331300	0.0491637600	-0.26515003	-0.1974153900	-8.763425e-02	-0.50219765	-0.14847457
117
0.30363491	-0.0146567690	-0.04261383	-0.21530926	0.120917310	-0.218659400	0.94257515	-0.25166426	-0.018301776	-0.9851838	-0.98449420	-0.9730631	0.103059910	-0.0848261910	-0.1039181400	-0.05092856	0.070493893	-0.54737849	0.0481354480	-0.082637884	0.124336280	-0.49519683	-0.075819651	-0.2982638	0.20131231	-0.144073410	-0.145968980	-0.2261391	-0.33818770	-0.3259432	-0.067429345	-0.24842236	-0.067429345	-0.24842236	-0.11932781	-0.05121563	-0.176352390	-0.21538294	-0.3082006	-0.35804112	-0.15367990	0.028816460	-0.3517143	-0.240922680	0.0968730460	-0.20958754	-0.0980267930	-1.156802e-01	-0.52163833	-0.08519812
118
0.35919361	-0.0180797180	-0.07234686	-0.26279787	0.057066065	-0.248016780	0.94245852	-0.24934122	-0.016543639	-0.9831646	-0.97002206	-0.9675878	-0.107255220	-0.1873341500	-0.1942098500	-0.07579930	0.026487096	-0.57327388	-0.0070935541	-0.160172310	0.107517870	-0.51719470	-0.115544520	-0.3255165	0.01730789	-0.185741480	-0.075808703	-0.2400915	-0.39331447	-0.3812810	-0.120646470	-0.28608766	-0.120646470	-0.28608766	-0.13446971	-0.12121954	-0.198187390	-0.30628920	-0.3399016	-0.43255374	-0.18988169	0.037535160	-0.3197085	-0.293549550	0.0006568535	-0.26763004	-0.1476413100	-8.913798e-02	-0.52315016	-0.08244378
119
0.22442754	-0.0314643530	-0.12726298	-0.39294444	-0.020678437	-0.263385580	0.94799378	-0.24400902	-0.015916994	-0.9808739	-0.98222762	-0.9654091	0.214080770	0.3603799200	-0.0535014130	-0.27929588	-0.044155705	-0.58815964	0.0002141360	-0.257720910	0.096286575	-0.51147526	-0.114165040	-0.3504359	-0.27274669	-0.224400330	0.157938730	-0.2849432	-0.40216183	-0.5004481	-0.237415250	-0.31617456	-0.237415250	-0.31617456	-0.26565846	-0.24096363	-0.208456920	-0.25988384	-0.3930977	-0.41091453	-0.31840112	0.028869328	-0.3940174	-0.424915610	-0.1105205300	-0.25230298	-0.2641462900	-9.464478e-02	-0.55202596	-0.36373223
120
0.23995826	-0.0097107196	-0.12197022	-0.37078412	-0.072025636	-0.301673750	0.95185590	-0.24777784	-0.017583652	-0.9933037	-0.97523911	-0.9720661	0.217744060	0.2127059300	-0.0285857280	-0.20629453	-0.135876080	-0.61827201	-0.0213563490	-0.125467980	0.113427120	-0.56317897	-0.097972713	-0.3538626	-0.15055604	0.164992280	0.044084842	-0.3586263	-0.39934145	-0.4628889	-0.250393640	-0.30732494	-0.250393640	-0.30732494	-0.27551773	-0.20776821	-0.245563500	-0.19926590	-0.4115426	-0.40542066	-0.28102850	-0.079543157	-0.4208610	-0.409840110	-0.1265218300	-0.29328463	-0.2647575500	-1.963336e-01	-0.59985513	-0.21523561
121
0.28972747	0.0153427200	-0.11667518	-0.36879989	-0.083343414	-0.263346660	0.95268931	-0.24891956	-0.014215047	-0.9912135	-0.97557178	-0.9692397	0.209887130	-0.1347085800	-0.2499206800	-0.19493090	-0.119798090	-0.60673040	-0.0729442890	-0.115063500	0.101138660	-0.54614905	-0.132568370	-0.3604209	-0.26728072	-0.071256112	-0.443601930	-0.3091017	-0.43815967	-0.4758413	-0.243371870	-0.29851218	-0.243371870	-0.29851218	-0.25351855	-0.21583253	-0.258947690	-0.21165418	-0.4194320	-0.43451248	-0.27858368	-0.061695848	-0.3468246	-0.408056660	-0.1531830000	-0.27552207	-0.2552340100	-1.857122e-01	-0.56993912	-0.20299460
122
0.30830537	-0.0198828450	-0.16044667	-0.43900010	0.003312783	-0.208537660	0.95074425	-0.24149087	-0.014232674	-0.9870756	-0.96948759	-0.9538519	0.286666310	-0.3148356000	-0.1748524100	-0.29851686	0.023000125	-0.58388360	-0.0470359840	-0.149365460	-0.016636794	-0.47892631	-0.114912570	-0.2737492	0.05532868	0.284623800	-0.311024450	-0.2198594	-0.41854496	-0.4791684	-0.246311570	-0.31235944	-0.246311570	-0.31235944	-0.23883716	-0.26096449	-0.188040210	-0.22737358	-0.3862723	-0.39916334	-0.32642010	0.047138317	-0.3812589	-0.490079250	-0.0847060990	-0.18207358	-0.2916964700	-3.393065e-02	-0.56495601	-0.37123473
123
0.32746543	-0.0356669600	-0.18182373	-0.36722034	0.034414774	-0.194023350	0.94991264	-0.23802568	-0.023208265	-0.9880026	-0.98395277	-0.9420806	-0.122078530	-0.0434879800	0.1870542800	-0.16519681	0.052213118	-0.57211026	0.0080967756	0.018427911	0.028834655	-0.40173287	-0.057885666	-0.2147900	-0.13690997	0.433166420	0.313774650	-0.2263358	-0.39120603	-0.4261045	-0.193292510	-0.26403135	-0.193292510	-0.26403135	-0.15097398	-0.21620602	-0.084250228	-0.27712125	-0.3376773	-0.43977564	-0.23422562	0.093792942	-0.3462901	-0.428001140	-0.0647880610	-0.17769431	-0.1942936000	-1.135388e-03	-0.54763306	-0.20875161
124
0.23841102	-0.0231963890	-0.11255181	-0.31993668	0.027333313	-0.181980570	0.95276814	-0.24024162	-0.033980221	-0.9862233	-0.97476554	-0.9536163	-0.211966890	0.4013102700	0.3730073200	-0.17502775	-0.023292222	-0.55023608	-0.0281804970	0.134382080	0.137976170	-0.40244449	-0.035971716	-0.2958638	-0.31473251	-0.353529690	0.185084090	-0.2674953	-0.40418392	-0.4619150	-0.164874500	-0.25321409	-0.164874500	-0.25321409	-0.16853477	-0.25284740	-0.102054540	-0.20440033	-0.3527251	-0.48100763	-0.21516026	0.060124554	-0.2546766	-0.365891620	-0.0558432030	-0.20622641	-0.2330217700	-1.350948e-01	-0.52864443	-0.18715501
125
0.18019430	-0.0177968460	-0.03934704	-0.37654341	0.023526725	-0.247051580	0.95142625	-0.24835088	-0.038483845	-0.9832895	-0.95824054	-0.9563340	0.363110680	0.1096555800	0.2532334300	-0.22443730	-0.052707475	-0.58204080	-0.0439752200	-0.001417998	0.075731794	-0.51378170	-0.065370344	-0.3327123	0.06437148	-0.359780750	-0.229097730	-0.2933135	-0.36245680	-0.4624232	-0.206492270	-0.30455573	-0.206492270	-0.30455573	-0.24507052	-0.20201802	-0.221462740	-0.11190642	-0.3862431	-0.34081800	-0.28043108	-0.101059660	-0.3444572	-0.418708230	0.0204351150	-0.25333667	-0.2602361300	-2.172911e-01	-0.54251872	-0.25527199
126
0.35845532	0.0179753850	-0.08415912	-0.17198789	-0.188332450	-0.399555310	0.93118552	-0.25003777	-0.026669006	-0.9366332	-0.91397002	-0.9243229	0.235245310	-0.0872843120	-0.2325005900	-0.20000190	-0.217835180	-0.59780538	-0.0327278590	-0.111061650	0.135462980	-0.67804595	-0.331174890	-0.3287359	-0.06831363	0.019193884	0.025862246	-0.4573219	-0.48743110	-0.3143383	-0.170440850	-0.18820842	-0.170440850	-0.18820842	-0.31348196	-0.16996959	-0.380148630	-0.45624243	-0.4592824	-0.47554454	-0.24857354	-0.169812800	-0.4882024	-0.143602100	-0.2496675900	-0.39879402	-0.2153957900	-2.315280e-01	-0.57063166	-0.25571397
127
0.30171512	-0.0070493914	-0.09368145	-0.04014287	-0.141421270	-0.325831320	0.94706198	-0.23048890	-0.015551600	-0.9471599	-0.95272005	-0.9576926	0.064722433	0.0191436880	-0.0376538540	-0.10235744	-0.180603160	-0.48336229	-0.0734237860	-0.081083025	0.111739500	-0.72682759	-0.159999430	-0.3076067	-0.07984600	-0.089740410	-0.122444910	-0.5149260	-0.22645512	-0.4385602	-0.048825749	-0.11708516	-0.048825749	-0.11708516	-0.18847274	-0.15700285	-0.318154100	-0.28504139	-0.3650609	-0.22428234	-0.17155168	-0.163746270	-0.4216944	0.007006763	-0.1836562800	-0.32700223	-0.1487637800	-2.170852e-01	-0.44383374	-0.13288586
128
0.28155172	-0.0161102890	-0.14009252	-0.09466535	-0.007347987	-0.347491670	0.95929939	-0.22041560	-0.014579347	-0.9785118	-0.95484817	-0.9379008	-0.050868561	0.1660133700	0.0862155460	-0.10803487	-0.084011354	-0.40100535	-0.4770527400	0.180647750	0.093745681	-0.34599847	-0.115286560	-0.2563297	-0.34881860	-0.189340580	0.016560915	-0.5078095	-0.10905087	-0.3330960	-0.088540677	-0.04725246	-0.088540677	-0.04725246	-0.16234534	-0.07065457	-0.034722567	-0.03930404	-0.2760745	-0.11145682	-0.14857717	0.008038622	-0.3152888	-0.074232455	-0.0785509400	-0.42136077	-0.1341515700	-1.264727e-01	-0.32703112	-0.16009615
129
0.27395574	-0.0228992920	-0.12725614	-0.13338240	0.132265210	-0.336173700	0.95898314	-0.21665616	-0.031045351	-0.9676842	-0.95994870	-0.8877400	0.050938870	-0.1113879200	-0.0045744093	-0.14683272	0.018746928	-0.38680172	-0.4445244400	0.168844280	0.074028573	-0.25952750	-0.174324110	-0.2397016	0.06155402	-0.202781000	-0.017391151	-0.4331476	-0.29295959	-0.3278652	-0.098690394	0.01331304	-0.098690394	0.01331304	-0.14837988	-0.06124374	-0.001720524	-0.14390788	-0.3312103	-0.34730564	-0.15229657	0.142027520	-0.3078936	-0.125997700	0.0552003100	-0.40832893	-0.1653609900	-2.961230e-02	-0.32513413	-0.20380425
130
0.29995717	0.0140821230	-0.08231040	0.06926842	0.057800324	-0.235050280	0.94946250	-0.21744640	-0.036024083	-0.9635954	-0.97040129	-0.9231824	0.040674030	0.1021472600	-0.0359838610	-0.02023821	-0.020301028	-0.30083795	0.0763076690	-0.139809360	0.062390004	-0.54270950	-0.210707100	-0.1699595	-0.09460057	0.097166120	-0.019976938	-0.4866870	-0.39743699	-0.3239807	0.028422451	0.18395782	0.028422451	0.18395782	-0.05100376	-0.02910880	-0.207916610	-0.39070152	-0.3689840	-0.52355150	0.01872726	0.099339036	-0.2146060	0.088544939	-0.0324259650	-0.31029780	-0.0368225230	-3.932498e-02	-0.24059704	-0.09107398
131
0.26537379	-0.0171562110	-0.13877347	0.12036221	0.083343662	-0.221983620	0.95466327	-0.20692497	-0.027482422	-0.9487934	-0.93986119	-0.9265631	0.080449991	0.0184962280	-0.0373983150	0.07630352	0.037586901	-0.24993359	-0.1756098000	-0.024263868	0.089264690	-0.24056586	-0.087622849	-0.0525349	-0.18283560	0.036192498	-0.113145930	-0.4215252	-0.23197406	-0.1696236	0.080265708	0.19543705	0.080265708	0.19543705	-0.01073734	0.14195703	0.008441575	-0.16083284	-0.2615177	-0.29158374	0.08630378	0.147662930	-0.2101591	0.133492570	-0.0218783080	-0.29273894	0.0790161120	-3.799568e-03	-0.23679741	-0.02595161
132
0.27763311	-0.0372675800	-0.10002093	-0.02176042	-0.032132086	-0.196557910	0.95827116	-0.20727327	-0.036413327	-0.9616209	-0.93799153	-0.9020917	0.061859802	-0.2050451900	0.0576146700	-0.01867971	-0.039541143	-0.23603003	0.0006238958	-0.096132919	0.054364145	-0.14671664	-0.068871797	-0.0976315	0.16404521	-0.344609110	-0.039105794	-0.4584449	-0.23991094	-0.1438749	-0.025681958	0.04566343	-0.025681958	0.04566343	-0.11114242	0.15592242	0.069394797	-0.21837437	-0.3010377	-0.23241768	-0.05500924	0.041001909	-0.2008438	-0.008942605	-0.1354782600	-0.25926601	-0.0200588350	-5.740529e-02	-0.23216591	-0.10732617
133
0.26688016	-0.0023073023	-0.06372715	-0.04996636	-0.247403450	-0.258588910	0.94976646	-0.21600426	-0.031406912	-0.9796801	-0.97145637	-0.8968745	0.095443820	0.1689441200	-0.0010016119	-0.15822038	-0.165005660	-0.31362105	0.4475728500	-0.307168600	0.117979500	-0.73433644	-0.246945320	-0.1778794	-0.06071285	0.076541275	-0.093312803	-0.6108447	-0.38975997	-0.2754369	-0.070359730	-0.09866979	-0.070359730	-0.09866979	-0.20389863	-0.03861307	-0.133609780	-0.44198540	-0.4158176	-0.43280411	-0.12912158	-0.191941180	-0.2369354	-0.020483967	-0.3266215000	-0.33269824	-0.1676876800	-2.292573e-01	-0.23553489	-0.22453472
134
0.21070047	-0.0059687620	-0.10959150	-0.06421528	-0.202139040	-0.327663820	0.95162211	-0.21071237	-0.013487900	-0.9798854	-0.97360748	-0.9541306	0.151735920	0.1446437700	0.0303200370	-0.15092811	-0.173251580	-0.32058878	0.2946423300	-0.206986920	0.121482230	-0.74671130	-0.249120060	-0.2385885	-0.27003834	0.088308860	-0.131867240	-0.6272504	-0.31021650	-0.3703302	-0.077787454	-0.13898659	-0.077787454	-0.13898659	-0.19375257	-0.06255063	-0.254896830	-0.39109552	-0.3864044	-0.37454225	-0.10358763	-0.148151310	-0.2613463	-0.049114098	-0.2833012100	-0.42724640	-0.1497194000	-2.476412e-01	-0.20720872	-0.23046450
135
0.28521305	-0.0202024590	-0.01102421	0.12298877	0.081945720	0.049997153	0.92083549	-0.26701193	-0.051933496	-0.9591147	-0.90075178	-0.8046598	0.687953240	-0.4419585300	-0.5896136700	0.14310770	-0.012389883	-0.05245568	-0.4128569000	0.182605990	0.153372680	-0.62878244	-0.010617799	-0.0824627	0.19139611	0.479450500	-0.142809770	-0.5404718	-0.03819442	-0.1906693	0.133358580	0.24274736	0.133358580	0.24274736	0.03256585	0.32370015	-0.066701101	-0.10786138	-0.2170654	-0.03628165	0.21706998	0.190517760	
0.1651853
0.083777484	-0.0503234520	-0.11448536	0.1903862200	-3.899316e-03	0.09652153	-0.02096851
Showing 1 to 15 of 10,299 entries, 68 total columns
